1 1 0.057760526222912834
1.1 1 0.06280175975254008
1.2000000000000002 1 0.07208494300025806
1.3000000000000003 1 0.08464866383747181
1.4000000000000004 1 0.0993059395978245
1.5000000000000004 1 0.11500805171533834
1.6000000000000005 1 0.1308526820533779
1.7000000000000006 1 0.1461508989872213
1.8000000000000007 1 0.16040549127669482
1.9000000000000008 1 0.1732990342778696
2.000000000000001 1 0.18459600001514018
2.100000000000001 1 0.19419367376543822
2.200000000000001 1 0.20208719482962972
2.300000000000001 1 0.2083118663190801
2.4000000000000012 1 0.21293973456293686
2.5000000000000013 1 0.21611103778990742
2.6000000000000014 1 0.2179320374232812
2.7000000000000015 1 0.21856266938870467
2.8000000000000016 1 0.21814843186451977
2.9000000000000017 1 0.21683186388377818
3.0000000000000018 1 0.21475477020050118
3.100000000000002 1 0.21202063810354466
3.200000000000002 1 0.2087613201177504
3.300000000000002 1 0.2050667864616118
3.400000000000002 1 0.20102258675141133
3.500000000000002 1 0.19670442408675107
3.6000000000000023 1 0.19217891057162848
3.7000000000000024 1 0.18750915706525467
3.8000000000000025 1 0.18272468577722475
3.9000000000000026 1 0.17788243228463999
4.000000000000003 1 0.173009121205106
4.100000000000002 1 0.1681316747759196
4.200000000000002 1 0.16327296038285674
4.300000000000002 1 0.158452286340955
4.400000000000001 1 0.1536858433179594
4.500000000000001 1 0.14898709628302403
4.6000000000000005 1 0.1443764271420819
4.7 1 0.13983805207827715
4.8 1 0.13539389105353813
4.8999999999999995 1 0.13105764805451106
4.999999999999999 1 0.12680956258738646
5.099999999999999 1 0.12266861503184343
5.199999999999998 1 0.11863824189831244
5.299999999999998 1 0.11470807838054348
5.399999999999998 1 0.11089039604312692
5.499999999999997 1 0.10717294133638645
5.599999999999997 1 0.10356660574170838
5.699999999999997 1 0.10006893206763151
5.799999999999996 1 0.09666040797613536
5.899999999999996 1 0.09336667236022002
5.999999999999996 1 0.0901604470107083
6.099999999999995 1 0.08706361871237413
6.199999999999995 1 0.0840520945349477
6.2999999999999945 1 0.08114409902472781
6.399999999999994 1 0.07831866284038694
6.499999999999994 1 0.07559084118513296
6.599999999999993 1 0.0729423064564876
6.699999999999993 1 0.07038575204428056
6.799999999999993 1 0.06790468568202782
6.899999999999992 1 0.06551048767848086
6.999999999999992 1 0.06318744850327468
7.099999999999992 1 0.06094686458250927
7.199999999999991 1 0.05877257434273736
7.299999999999991 1 0.056677149976606354
7.399999999999991 1 0.054642613038043845
7.49999999999999 1 0.05268426058788259
7.59999999999999 1 0.05078084471802122
7.6999999999999895 1 0.04895189247105648
7.799999999999989 1 0.047171380289350764
7.899999999999989 1 0.04545285610041617
7.9999999999999885 1 0.04379921765991246
8.099999999999989 1 0.042191871092327714
8.199999999999989 1 0.040640528171514305
8.299999999999988 1 0.03914701321629805
8.399999999999988 1 0.03769616198553141
8.499999999999988 1 0.0362958577885138
8.599999999999987 1 0.03494880335560901
8.699999999999987 1 0.033639337419918536
8.799999999999986 1 0.03237548066026016
8.899999999999986 1 0.031162686771655092
8.999999999999986 1 0.02998100422683017
9.099999999999985 1 0.028840487681379107
9.199999999999985 1 0.0277396758857093
9.299999999999985 1 0.02668503959196174
9.399999999999984 1 0.025656144235409326
9.499999999999984 1 0.02466312274130316
9.599999999999984 1 0.023704712805574624
9.699999999999983 1 0.02277969955215647
9.799999999999983 1 0.021886914159464206
9.899999999999983 1 0.02103236983526792
9.999999999999982 1 0.020198680105182585
10.099999999999982 1 0.019394188759611696
10.199999999999982 1 0.018617892819540485
10.299999999999981 1 0.017868828513199157
10.39999999999998 1 0.01714606995278703
10.49999999999998 1 0.016448727832669645
10.59999999999998 1 0.015775948151628475
10.69999999999998 1 0.0151269109616113
10.79999999999998 1 0.01450082914437214
10.899999999999979 1 0.0138969472178848
10.999999999999979 1 0.013314540173108519
11.099999999999978 1 0.01275291234231269
11.199999999999978 1 0.01221139629915017
11.299999999999978 1 0.011689351791054675
11.399999999999977 1 0.011186164704006251
11.499999999999977 1 0.010701246059607183
11.599999999999977 1 0.010234031044350453
11.699999999999976 1 0.009783978070794005
11.799999999999976 1 0.009350567870376969
11.899999999999975 1 0.00893330261712359
11.999999999999975 1 0.008531705082048764
12.099999999999975 1 0.008145317817484387
12.199999999999974 1 0.00776684928171868
12.299999999999974 1 0.007407778084581741
12.399999999999974 1 0.007062535757293506
12.499999999999973 1 0.006730739759036111
12.599999999999973 1 0.00641202360998852
12.699999999999973 1 0.006106036241459331
12.799999999999972 1 0.0058124413711019545
12.899999999999972 1 0.005522147882125583
12.999999999999972 1 0.005249731457632014
13.099999999999971 1 0.004988684157380516
13.19999999999997 1 0.004738725962133378
13.29999999999997 1 0.004492476029396933
13.39999999999997 1 0.0042608048126785295
13.49999999999997 1 0.004039366747537577
13.59999999999997 1 0.003827929381208873
13.699999999999969 1 0.0036188175727861617
13.799999999999969 1 0.003423228503244891
13.899999999999968 1 0.0032369264539378394
13.999999999999968 1 0.003059719131891298
14.099999999999968 1 0.0028818270580305725
14.199999999999967 1 0.0027184166387893356
14.299999999999967 1 0.0025635080663841906
14.399999999999967 1 0.002407683062834526
14.499999999999966 1 0.0022652054326766677
14.599999999999966 1 0.002130716911114708
14.699999999999966 1 0.0019942131518525257
14.799999999999965 1 0.0018709623273900605
14.899999999999965 1 0.0017484101847160024
14.999999999999964 1 0.0016356327947166698
15.099999999999964 1 0.0015301272196150888
15.199999999999964 1 0.001422844229823022
15.299999999999963 1 0.0013268696795280654
15.399999999999963 1 0.0012308634154999248
15.499999999999963 1 0.0011438145506977979
15.599999999999962 1 0.0010634865486403044
15.699999999999962 1 0.0009794259621096776
15.799999999999962 1 0.0009072873841547562
15.899999999999961 1 0.0008322941436072591
15.999999999999961 1 0.0007678707322680542
16.099999999999962 1 0.0007011265659538933
16.199999999999964 1 0.0006439912701998693
16.299999999999965 1 0.0005847397087204346
16.399999999999967 1 0.0005345091578155774
16.499999999999968 1 0.0004820514116107927
16.59999999999997 1 0.00043838265061210555
16.69999999999997 1 0.0003920737682626495
16.799999999999972 1 0.0003546612355922846
16.899999999999974 1 0.0003139065236289365
16.999999999999975 1 0.0002824792527187841
17.099999999999977 1 0.00024673093877037135
17.199999999999978 1 0.00021561170238678306
17.29999999999998 1 0.00018980408930177066
17.39999999999998 1 0.000162857686803275
17.499999999999982 1 0.00014245356594663693
17.599999999999984 1 0.00011923977948081787
17.699999999999985 1 0.00010407254791451548
17.799999999999986 1 8.41879400912943e-05
17.899999999999988 1 6.782102009437736e-05
17.99999999999999 1 5.7190705658349855e-05
18.09999999999999 1 4.352987938503151e-05
18.199999999999992 1 3.779109234409982e-05
18.299999999999994 1 2.6517520114489374e-05
18.399999999999995 1 1.8110054081725315e-05
18.499999999999996 1 1.6406465061267252e-05
18.599999999999998 1 9.887137236740537e-06
18.7 1 5.878213528170409e-06
18.8 1 7.985617452598549e-06
18.900000000000002 1 5.432309019627329e-06
19.000000000000004 1 5.071783273738869e-06
19.100000000000005 1 1.083229477453033e-05
19.200000000000006 1 1.1555009425935491e-05
19.300000000000008 1 1.4187515474927616e-05
19.40000000000001 1 1.8614177603488372e-05
19.50000000000001 1 2.689989534885202e-05
19.600000000000012 1 3.1955881760007764e-05
19.700000000000014 1 3.856570612614486e-05
19.800000000000015 1 5.0330324187719e-05
19.900000000000016 1 5.731793053183942e-05
20.000000000000018 1 6.564673907373147e-05
20.10000000000002 1 7.52261466229705e-05
20.20000000000002 1 8.940435908476798e-05
20.300000000000022 1 9.905579317135995e-05
20.400000000000023 1 0.0001097794004198007
20.500000000000025 1 0.00012149685207308227
20.600000000000026 1 0.00013815563937329573
20.700000000000028 1 0.00014971056949466603
20.80000000000003 1 0.00016211102865551234
20.90000000000003 1 0.000175289563892405
21.000000000000032 1 0.00018918152079534583
21.100000000000033 1 0.00020742712459057328
21.200000000000035 1 0.00022092688433477235
21.300000000000036 1 0.00023502508206553097
21.400000000000038 1 0.0002496663939823798
21.50000000000004 1 0.0002647979125283844
21.60000000000004 1 0.0002803690727113729
21.700000000000042 1 0.00029956763983409997
21.800000000000043 1 0.0003145664177631011
21.900000000000045 1 0.00032992387138325454
22.000000000000046 1 0.0003455971820594717
22.100000000000048 1 0.00036154555391671123
22.20000000000005 1 0.0003777301519212929
22.30000000000005 1 0.0003941140418903464
22.400000000000052 1 0.0004140851116635285
22.500000000000053 1 0.00042980365395704474
22.600000000000055 1 0.00044567299714671105
22.700000000000056 1 0.00046166242340904757
22.800000000000058 1 0.00047774285580735003
22.90000000000006 1 0.0004938868077145611
23.00000000000006 1 0.0005100683339203714
23.100000000000062 1 0.0005262629829264682
23.200000000000063 1 0.000542447750855393
23.300000000000065 1 0.0005586010365554011
23.400000000000066 1 0.0005785893059058419
23.500000000000068 1 0.0005941077880976015
23.60000000000007 1 0.000609582113421518
23.70000000000007 1 0.0006249951798514414
23.80000000000007 1 0.0006403310948436191
23.900000000000073 1 0.0006555751375349289
24.000000000000075 1 0.0006707137221023227
24.100000000000076 1 0.0006857343621532445
24.200000000000077 1 0.0007006256361240852
24.30000000000008 1 0.0007153771537361696
24.40000000000008 1 0.0007299795233571568
24.50000000000008 1 0.0007444243204074983
24.600000000000083 1 0.0007587040566227089
24.700000000000085 1 0.0007728121501699044
24.800000000000086 1 0.0007867428967500675
24.900000000000087 1 0.0008004914414196251
25.00000000000009 1 0.0008140537513112449
25.10000000000009 1 0.0008274265891077882
25.20000000000009 1 0.0008406074872992763
25.300000000000093 1 0.0008535947231857464
25.400000000000095 1 0.0008663872945894368
25.500000000000096 1 0.0008789848963196113
25.600000000000097 1 0.0008913878972991066
25.7000000000001 1 0.000903597318290222
25.8000000000001 1 0.0009156148103513126
25.9000000000001 1 0.000927442633940303
26.000000000000103 1 0.0009390836385064578
26.100000000000104 1 0.000946818251949302
26.200000000000106 1 0.0009576274247194372
26.300000000000107 1 0.0009682325113209248
26.40000000000011 1 0.0009786389592369642
26.50000000000011 1 0.0009888527046530632
26.60000000000011 1 0.000998880155580562
26.700000000000113 1 0.0010087281754129443
26.800000000000114 1 0.001018404067009885
26.900000000000116 1 0.0010279155572136412
27.000000000000117 1 0.0010372707818140634
27.10000000000012 1 0.0010464782709890279
27.20000000000012 1 0.0010519329091523402
27.30000000000012 1 0.0010600812951973054
27.400000000000123 1 0.0010680851745769587
27.500000000000124 1 0.0010759548777359363
27.600000000000126 1 0.0010837010568622684
27.700000000000127 1 0.0010913346738027256
27.80000000000013 1 0.0010988669882530749
27.90000000000013 1 0.0011063095463242213
28.00000000000013 1 0.0011096828588487472
28.100000000000133 1 0.0011159815267895935
28.200000000000134 1 0.001122204978783428
28.300000000000136 1 0.0011283661143266482
28.400000000000137 1 0.001134478062000803
28.50000000000014 1 0.0011405541699788249
28.60000000000014 1 0.0011427819044757764
28.70000000000014 1 0.0011476799627740972
28.800000000000143 1 0.001152563710436845
28.900000000000144 1 0.0011574475699854777
29.000000000000146 1 0.001162346135613442
29.100000000000147 1 0.0011638966002311124
29.20000000000015 1 0.0011676050517460594
29.30000000000015 1 0.0011713547237120693
29.40000000000015 1 0.001175161083106802
29.500000000000153 1 0.0011790397272848552
29.600000000000154 1 0.0011794064436067668
29.700000000000156 1 0.001182104347418691
29.800000000000157 1 0.0011849052289704908
29.90000000000016 1 0.001187825383706816
30.00000000000016 1 0.0011908812019240042
30.10000000000016 1 0.0011896385662740025
30.200000000000163 1 0.0011915414898390764
30.300000000000164 1 0.0011936142442359847
30.400000000000166 1 0.001195873766299453
30.500000000000167 1 0.0011940005158665903
30.60000000000017 1 0.00119513119883856
30.70000000000017 1 0.0011964853031108398
30.80000000000017 1 0.0011980802024856006
30.900000000000173 1 0.001195323135537337
31.000000000000174 1 0.001195823156489581
31.100000000000176 1 0.0011966027407043348
31.200000000000177 1 0.0011941142071016252
31.30000000000018 1 0.0011938190308919702
31.40000000000018 1 0.0011938437233691532
31.50000000000018 1 0.0011942062404005887
31.600000000000183 1 0.0011904344149054312
31.700000000000184 1 0.001189771295514752
31.800000000000185 1 0.0011894878477621087
31.900000000000187 1 0.0011856582186948168
32.000000000000185 1 0.001184380382913013
32.100000000000186 1 0.001183525193862365
32.20000000000019 1 0.0011795045732976295
32.30000000000019 1 0.0011776905372975599
32.40000000000019 1 0.0011763430932729005
32.50000000000019 1 0.0011720107800144873
32.60000000000019 1 0.0011697439280340214
32.700000000000195 1 0.0011679884375622538
32.800000000000196 1 0.001163235398415813
32.9000000000002 1 0.00116060346954673
33.0000000000002 1 0.0011585283608403414
33.1000000000002 1 0.0011532564634151566
33.2000000000002 1 0.0011503510744501758
33.3000000000002 1 0.001148048528445134
33.400000000000205 1 0.0011421698216563566
33.500000000000206 1 0.0011390860235414833
33.60000000000021 1 0.0011366515395238824
33.70000000000021 1 0.0011300875788979945
33.80000000000021 1 0.0011269234442023985
33.90000000000021 1 0.0011210052672374628
34.00000000000021 1 0.0011171366503877
34.100000000000215 1 0.0011139928895258422
34.200000000000216 1 0.0011072499712997557
34.30000000000022 1 0.0011034574069700557
34.40000000000022 1 0.001097227125376291
34.50000000000022 1 0.0010928140689523864
34.60000000000022 1 0.0010892024103703476
34.70000000000022 1 0.0010820325388991496
34.800000000000225 1 0.0010778594112679936
34.900000000000226 1 0.0010710868429926563
35.00000000000023 1 0.0010663831976348954
35.10000000000023 1 0.0010625580479215948
35.20000000000023 1 0.0010547530258509137
35.30000000000023 1 0.0010504590742009797
35.40000000000023 1 0.0010429520264273937
35.500000000000234 1 0.0010382224155709168
35.600000000000236 1 0.0010309670138868045
35.70000000000024 1 0.0010258357901053387
35.80000000000024 1 0.00101878830446558
35.90000000000024 1 0.0010132903496496157
36.00000000000024 1 0.0010088077713226694
36.10000000000024 1 0.0010005805080798853
36.200000000000244 1 0.00099579671568736
36.300000000000246 1 0.0009877037768350379
36.40000000000025 1 0.000982655139071617
36.50000000000025 1 0.0009746606070150743
36.60000000000025 1 0.0009693841214022812
36.70000000000025 1 0.0009614542382838229
36.80000000000025 1 0.0009559874756432741
36.900000000000254 1 0.0009480905537612313
37.000000000000256 1 0.0009424716053720855
37.10000000000026 1 0.0009345779410734858
37.20000000000026 1 0.0009288453681573694
37.30000000000026 1 0.000920927159134942
37.40000000000026 1 0.000915119944675969
37.50000000000026 1 0.000907151210367332
37.600000000000264 1 0.0009013087132105426
37.700000000000266 1 0.0008932652184063041
37.80000000000027 1 0.0008874271293361953
37.90000000000027 1 0.0008792863106604051
38.00000000000027 1 0.0008734926107184234
38.10000000000027 1 0.000865233505935121
38.20000000000027 1 0.0008595244265620903
38.300000000000274 1 0.0008511276067088752
38.400000000000276 1 0.0008455435918277936
38.50000000000028 1 0.0008369910959084246
38.60000000000028 1 0.0008315727657957158
38.70000000000028 1 0.0008228480380150885
38.80000000000028 1 0.0008151445755263831
38.90000000000028 1 0.0008087239843681623
39.000000000000284 1 0.0008008064332435583
39.100000000000286 1 0.0007946458824055023
39.20000000000029 1 0.0007865012911906005
39.30000000000029 1 0.0007806419888867479
39.40000000000029 1 0.000772258603077503
39.50000000000029 1 0.0007667417866949887
39.60000000000029 1 0.0007581089964185714
39.700000000000294 1 0.0007503730753014206
39.800000000000296 1 0.0007440841949836085
39.9000000000003 1 0.0007360670125609987
40.0000000000003 1 0.0007302169445810065
40.1000000000003 1 0.0007219108556176936
40.2000000000003 1 0.0007165409420409976
40.3000000000003 1 0.000707939272009108
40.400000000000304 1 0.0007001485520846518
40.500000000000306 1 0.0006941877688339677
40.60000000000031 1 0.0006860763166501858
40.70000000000031 1 0.0006806926296020584
40.80000000000031 1 0.0006722563069630875
40.90000000000031 1 0.000664572954383477
41.00000000000031 1 0.0006587263421466263
41.100000000000314 1 0.0006506973281688645
41.200000000000315 1 0.0006455248618948699
41.30000000000032 1 0.0006371483089476085
41.40000000000032 1 0.0006294718793041254
41.50000000000032 1 0.0006239656259448593
41.60000000000032 1 0.0006159247950983527
41.70000000000032 1 0.0006085506087719809
41.800000000000324 1 0.0006027843916242096
41.900000000000325 1 0.0005950312780403455
42.00000000000033 1 0.000590091949281588
42.10000000000033 1 0.0005819612425259068
42.20000000000033 1 0.0005744518360238184
42.30000000000033 1 0.0005693827257480752
42.40000000000033 1 0.0005614845110079905
42.500000000000334 1 0.0005541785718824461
42.600000000000335 1 0.0005490542055400148
42.70000000000034 1 0.0005413502231130044
42.80000000000034 1 0.0005342110699208733
42.90000000000034 1 0.0005291061499392835
43.00000000000034 1 0.0005215615754293681
43.10000000000034 1 0.0005145558842716158
43.200000000000344 1 0.0005095451917992954
43.300000000000345 1 0.0005021284422068714
43.40000000000035 1 0.0004952260569049526
43.50000000000035 1 0.0004903843606929486
43.60000000000035 1 0.0004830669111101883
43.70000000000035 1 0.0004762406635260412
43.80000000000035 1 0.00047164263582030974
43.900000000000354 1 0.0004643988458893264
44.000000000000355 1 0.00045762438594851307
44.10000000000036 1 0.0004533445247060357
44.20000000000036 1 0.00044615147446960395
44.30000000000036 1 0.0004394071093182692
44.40000000000036 1 0.00043309935264433566
44.50000000000036 1 0.0004283570010297212
44.600000000000364 1 0.00042162354291086935
44.700000000000365 1 0.0004153077173674064
44.80000000000037 1 0.0004110522407727585
44.90000000000037 1 0.0004043128629847499
45.00000000000037 1 0.00039797323027237786
45.10000000000037 1 0.00039202244709829855
45.20000000000037 1 0.00038751837664680023
45.300000000000374 1 0.0003811413701208126
45.400000000000375 1 0.0003751368123737169
45.50000000000038 1 0.00037128720534463803
45.60000000000038 1 0.0003648613037606717
45.70000000000038 1 0.00035879241554539787
45.80000000000038 1 0.00035307070967360713
45.90000000000038 1 0.00034918559491267
46.000000000000384 1 0.00034304369907530076
46.100000000000385 1 0.00033723487490488856
46.20000000000039 1 0.00033174986905690413
46.30000000000039 1 0.00032794811752469337
46.40000000000039 1 0.0003220461219785767
46.50000000000039 1 0.00031645507267987003
46.60000000000039 1 0.0003111662608885562
46.700000000000394 1 0.00030756628683148093
46.800000000000395 1 0.00030186556043370835
46.9000000000004 1 0.0002964553575047769
47.0000000000004 1 0.00029132748270727196
47.1000000000004 1 0.0002880470790936933
47.2000000000004 1 0.00028251408030364827
47.3000000000004 1 0.00027725277830941
47.400000000000404 1 0.0002722554619345196
47.500000000000405 1 0.0002694116523314532
47.600000000000406 1 0.00026401757015880143
47.70000000000041 1 0.00025887785439772566
47.80000000000041 1 0.00025398525051533496
47.90000000000041 1 0.00024933263975261813
48.00000000000041 1 0.0002464145748068327
48.10000000000041 1 0.0002413734322297804
48.200000000000415 1 0.0002365639047434572
48.300000000000416 1 0.0002319792972346611
48.40000000000042 1 0.00022761304129171282
48.50000000000042 1 0.00022479362309702847
48.60000000000042 1 0.00022004944408076301
48.70000000000042 1 0.00021551637873628814
48.80000000000042 1 0.00021118825184699246
48.900000000000425 1 0.00020705900647549638
49.000000000000426 1 0.0002045098835173902
49.10000000000043 1 0.0002000154463584569
49.20000000000043 1 0.00019571369979140386
49.30000000000043 1 0.0001915989518158607
49.40000000000043 1 0.0001876656209539098
49.50000000000043 1 0.0001855568997668936
49.600000000000435 1 0.0001812730004210384
49.700000000000436 1 0.0001771652882855772
49.80000000000044 1 0.00017322852056831005
49.90000000000044 1 0.00016945755782074934
50.00000000000044 1 0.00016584736224536578
50.10000000000044 1 0.0001638523236020193
50.20000000000044 1 0.00015990855373743812
50.300000000000445 1 0.00015612141566124835
50.400000000000446 1 0.00015248618082404404
50.50000000000045 1 0.00014899821578569987
50.60000000000045 1 0.00014565298077581686
50.70000000000045 1 0.00014400613550215267
50.80000000000045 1 0.00014034672072424
50.90000000000045 1 0.00013682688674332996
51.000000000000455 1 0.00013344237607955457
51.100000000000456 1 0.00013018901885049501
51.20000000000046 1 0.00012706273145399012
51.30000000000046 1 0.00012405951527417092
51.40000000000046 1 0.00012257666703102436
51.50000000000046 1 0.00011928248160387142
51.60000000000046 1 0.00011610927864025354
51.700000000000465 1 0.00011305331289727439
51.800000000000466 1 0.00011011091868369333
51.90000000000047 1 0.0001072785086132524
52.00000000000047 1 0.00010455257244659388
52.10000000000047 1 0.00010354030411961782
52.20000000000047 1 0.0001005492529137686
52.30000000000047 1 9.766352344402456e-05
52.400000000000475 1 9.487983288408963e-05
52.500000000000476 1 9.219497057504112e-05
52.60000000000048 1 8.960579695244579e-05
52.70000000000048 1 8.710924253200743e-05
52.80000000000048 1 8.470230682722728e-05
52.90000000000048 1 8.413556904916634e-05
53.00000000000048 1 8.149426337382621e-05
53.100000000000485 1 7.894238507049513e-05
53.200000000000486 1 7.647713416286846e-05
53.30000000000049 1 7.409577527282525e-05
53.40000000000049 1 7.179563667726709e-05
53.50000000000049 1 6.957410930473899e-05
53.60000000000049 1 6.742864586837345e-05
53.70000000000049 1 6.535675990395273e-05
53.800000000000495 1 6.335602488733165e-05
53.900000000000496 1 6.307454448085319e-05
54.0000000000005 1 6.087905904385438e-05
54.1000000000005 1 5.8755592772417234e-05
54.2000000000005 1 5.670188977579608e-05
54.3000000000005 1 5.4715750345260996e-05
54.4000000000005 1 5.2795030010681296e-05
54.500000000000504 1 5.093763875288314e-05
54.600000000000506 1 4.9141540182176024e-05
54.70000000000051 1 4.7404750813418906e-05
54.80000000000051 1 4.572533914821574e-05
54.90000000000051 1 4.4101424999557475e-05
55.00000000000051 1 4.2531178700537064e-05
55.10000000000051 1 4.270564542700184e-05
55.200000000000514 1 4.099106761610226e-05
55.300000000000516 1 3.9332090119495405e-05
55.40000000000052 1 3.772702327440682e-05
55.50000000000052 1 3.6174224729032085e-05
55.60000000000052 1 3.467209872518306e-05
55.70000000000052 1 3.321909543309497e-05
55.80000000000052 1 3.181371025834907e-05
55.900000000000524 1 3.0454483120020823e-05
56.000000000000526 1 2.913999785145241e-05
56.10000000000053 1 2.786888152735385e-05
56.20000000000053 1 2.6639803781237515e-05
56.30000000000053 1 2.5451476232010184e-05
56.40000000000053 1 2.430265176096425e-05
56.50000000000053 1 2.3192124021614692e-05
56.600000000000534 1 2.2118726703561043e-05
56.700000000000536 1 2.1081333027446545e-05
56.80000000000054 1 2.0078855099820416e-05
56.90000000000054 1 1.9110243357448503e-05
57.00000000000054 1 1.9742448823045022e-05
57.10000000000054 1 1.871296274844901e-05
57.20000000000054 1 1.772059711857549e-05
57.300000000000544 1 1.676440311498148e-05
57.400000000000546 1 1.5843467815595365e-05
57.50000000000055 1 1.4956913654109424e-05
57.60000000000055 1 1.4103897890537168e-05
57.70000000000055 1 1.3283612125296804e-05
57.80000000000055 1 1.2495281731550415e-05
57.90000000000055 1 1.1738165367960783e-05
58.000000000000554 1 1.1011554489807331e-05
58.100000000000556 1 1.0314772845830027e-05
58.20000000000056 1 9.647176001097552e-06
58.30000000000056 1 9.00815081065479e-06
58.40000000000056 1 8.397115062506114e-06
58.50000000000056 1 7.813516828295189e-06
58.60000000000056 1 7.256834207694643e-06
58.700000000000564 1 6.726574725552742e-06
58.800000000000566 1 6.2222749563326696e-06
58.90000000000057 1 5.743500091931631e-06
59.00000000000057 1 5.289843449569098e-06
59.10000000000057 1 4.8609261019622684e-06
59.20000000000057 1 4.456396439028073e-06
59.30000000000057 1 4.0759297475528565e-06
59.400000000000574 1 3.7192277993670304e-06
59.500000000000576 1 3.3860184943731026e-06
59.60000000000058 1 3.0760553614817286e-06
59.70000000000058 1 2.7891173107300556e-06
59.80000000000058 1 2.525008108763443e-06
59.90000000000058 1 2.2835561041311106e-06
60.00000000000058 1 2.0646137801258175e-06
60.100000000000584 1 1.8680574490180277e-06
60.200000000000585 1 1.6937868122716289e-06
60.30000000000059 1 1.5417247158037963e-06
60.40000000000059 1 1.4118166382978773e-06
60.50000000000059 1 1.3040305285585296e-06
60.60000000000059 1 1.2183562981213014e-06
60.70000000000059 1 1.1548055891091643e-06
60.800000000000594 1 1.113411400953848e-06
60.900000000000595 1 1.0942277559225904e-06
61.0000000000006 1 1.0973294094478485e-06
61.1000000000006 1 1.1228115043185594e-06
61.2000000000006 1 1.1707892550246018e-06
61.3000000000006 1 1.24139765440026e-06
61.4000000000006 1 1.3347911376543724e-06
61.500000000000604 1 1.4511433566599449e-06
61.600000000000605 1 1.590646787451625e-06
61.70000000000061 1 1.0660704846371586e-07
61.80000000000061 1 1.7330599111144722e-07
61.90000000000061 1 2.595053126376897e-07
62.00000000000061 1 3.6550225057662905e-07
62.10000000000061 1 4.9161121321145e-07
62.200000000000614 1 6.381635611782865e-07
62.300000000000615 1 8.055072908806689e-07
62.40000000000062 1 9.940068359305562e-07
62.50000000000062 1 1.204042761596705e-06
62.60000000000062 1 1.4360115114769986e-06
62.70000000000062 1 1.690325196275277e-06
62.80000000000062 1 1.9674113112866326e-06
62.900000000000624 1 2.2677124974410808e-06
63.000000000000625 1 2.5916863095814414e-06
63.10000000000063 1 2.939804999974462e-06
63.20000000000063 1 3.3125552279648317e-06
63.30000000000063 1 3.710437911141179e-06
63.40000000000063 1 4.1339679162027515e-06
63.50000000000063 1 4.58367390431262e-06
63.600000000000634 1 3.4746647768249407e-06
63.700000000000635 1 3.7767709380947222e-06
63.80000000000064 1 4.102963284734025e-06
63.90000000000064 1 4.453850976699734e-06
64.00000000000064 1 4.8300556124668855e-06
64.10000000000063 1 5.232211112581053e-06
64.20000000000063 1 5.660963445199009e-06
64.30000000000062 1 6.116970487862416e-06
64.40000000000062 1 6.600901793998028e-06
64.50000000000061 1 7.113438402981884e-06
64.6000000000006 1 7.655272710806459e-06
64.7000000000006 1 8.227108173383717e-06
64.8000000000006 1 8.829659247162389e-06
64.90000000000059 1 7.961467835685694e-06
65.00000000000058 1 8.374824346053251e-06
65.10000000000058 1 8.817702533084877e-06
65.20000000000057 1 9.29088366241607e-06
65.30000000000057 1 9.795158897305577e-06
65.40000000000056 1 1.0331329051897502e-05
65.50000000000055 1 1.0900204529207168e-05
65.60000000000055 1 1.1502605064153047e-05
65.70000000000054 1 1.2139359651697016e-05
65.80000000000054 1 1.2811306295993697e-05
65.90000000000053 1 1.3519291939235123e-05
66.00000000000053 1 1.2738659900518817e-05
66.10000000000052 1 1.3228069740743162e-05
66.20000000000051 1 1.375298550979079e-05
66.30000000000051 1 1.43143110009006e-05
66.4000000000005 1 1.4912958009535593e-05
66.5000000000005 1 1.554984614531139e-05
66.60000000000049 1 1.622590272097424e-05
66.70000000000049 1 1.6942062629937404e-05
66.80000000000048 1 1.7699268162506508e-05
66.90000000000047 1 1.8498468915694243e-05
67.00000000000047 1 1.7642639078410524e-05
67.10000000000046 1 1.8201004450827962e-05
67.20000000000046 1 1.880136217606251e-05
67.30000000000045 1 1.944471074286024e-05
67.40000000000045 1 2.0132055101409492e-05
67.50000000000044 1 2.086440658802504e-05
67.60000000000043 1 2.1642782803111985e-05
67.70000000000043 1 2.246820742371335e-05
67.80000000000042 1 2.180662787066846e-05
67.90000000000042 1 2.2374842853528548e-05
68.00000000000041 1 2.299049395324852e-05
68.1000000000004 1 2.365464791706587e-05
68.2000000000004 1 2.4368376935205133e-05
68.3000000000004 1 2.513275844024647e-05
68.40000000000039 1 2.594887508927149e-05
68.50000000000038 1 2.6817814635094558e-05
68.60000000000038 1 2.6127083065351085e-05
68.70000000000037 1 2.672530810679347e-05
68.80000000000037 1 2.7377094313485433e-05
68.90000000000036 1 2.8083567211862367e-05
69.00000000000036 1 2.884585675519047e-05
69.10000000000035 1 2.966509724686507e-05
69.20000000000034 1 3.054242722822937e-05
69.30000000000034 1 2.99586772836136e-05
69.40000000000033 1 3.0554522808040043e-05
69.50000000000033 1 3.120948092942725e-05
69.60000000000032 1 3.192472373093543e-05
69.70000000000032 1 3.2701426919154234e-05
69.80000000000031 1 3.354076978264027e-05
69.9000000000003 1 3.4443935072334574e-05
70.0000000000003 1 3.3810325426091656e-05
70.10000000000029 1 3.442316631949166e-05
70.20000000000029 1 3.510111113277119e-05
70.30000000000028 1 3.5845372297073005e-05
70.40000000000028 1 3.665716510398416e-05
70.50000000000027 1 3.753770771266241e-05
70.60000000000026 1 3.7076537307343856e-05
70.70000000000026 1 3.765942377786585e-05
70.80000000000025 1 3.8312551934206436e-05
70.90000000000025 1 3.903716640926708e-05
71.00000000000024 1 3.983451416939073e-05
71.10000000000024 1 4.070584449140271e-05
71.20000000000023 1 4.165240885228381e-05
71.30000000000022 1 4.087361086576319e-05
71.40000000000022 1 4.151691604723294e-05
71.50000000000021 1 4.223716138394705e-05
71.60000000000021 1 4.303562148595964e-05
71.7000000000002 1 4.391357268905027e-05
71.8000000000002 1 4.347073679970723e-05
71.90000000000019 1 4.404016694314417e-05
72.00000000000018 1 4.469094972713204e-05
72.10000000000018 1 4.542438225904813e-05
72.20000000000017 1 4.624176301673103e-05
72.30000000000017 1 4.7144391727369226e-05
72.40000000000016 1 4.65608270209261e-05
72.50000000000016 1 4.715123193016805e-05
72.60000000000015 1 4.782890779947876e-05
72.70000000000014 1 4.8595172604332714e-05
72.80000000000014 1 4.9451345173480433e-05
72.90000000000013 1 4.9042370685140293e-05
73.00000000000013 1 4.9582830179701805e-05
73.10000000000012 1 5.0215352401949676e-05
73.20000000000012 1 5.0941272386555876e-05
73.30000000000011 1 5.176192563360535e-05
73.4000000000001 1 5.267864811003308e-05
73.5000000000001 1 5.1959483542700904e-05
73.6000000000001 1 5.255869634642668e-05
73.70000000000009 1 5.325626922466626e-05
73.80000000000008 1 5.4053552093229145e-05
73.90000000000008 1 5.4951894978063254e-05
74.00000000000007 1 5.426332391534947e-05
74.10000000000007 1 5.484222672879591e-05
74.20000000000006 1 5.5524591638143796e-05
74.30000000000005 1 5.631178080814151e-05
74.40000000000005 1 5.72051562503561e-05
74.50000000000004 1 5.648437905605964e-05
74.60000000000004 1 5.705704506337255e-05
74.70000000000003 1 5.7738401906500154e-05
74.80000000000003 1 5.852982199165226e-05
74.90000000000002 1 5.9432677260866566e-05
75.00000000000001 1 5.862010100309822e-05
75.10000000000001 1 5.9201600156434204e-05
75.2 1 5.9897133310567134e-05
75.3 1 6.07080812432802e-05
75.39999999999999 1 6.0186684275467014e-05
75.49999999999999 1 6.067491875921494e-05
75.59999999999998 1 6.128124488298112e-05
75.69999999999997 1 6.200705100170837e-05
75.79999999999997 1 6.285372447453534e-05
75.89999999999996 1 6.213543656741251e-05
75.99999999999996 1 6.265981387707455e-05
76.09999999999995 1 6.330781559408932e-05
76.19999999999995 1 6.408083523409083e-05
76.29999999999994 1 6.356360924371462e-05
76.39999999999993 1 6.40138424528354e-05
76.49999999999993 1 6.459191752273221e-05
76.59999999999992 1 6.52992330012278e-05
76.69999999999992 1 6.613718592267596e-05
76.79999999999991 1 6.532752667204527e-05
76.8999999999999 1 6.584406305838385e-05
76.9999999999999 1 6.649412837697292e-05
77.0999999999999 1 6.727912342428284e-05
77.19999999999989 1 6.658811126339519e-05
77.29999999999988 1 6.705197823681305e-05
77.39999999999988 1 6.765372321040463e-05
77.49999999999987 1 6.839474967239966e-05
77.59999999999987 1 6.778575039364962e-05
77.69999999999986 1 6.820627092255891e-05
77.79999999999986 1 6.876907368441597e-05
77.89999999999985 1 6.947556397523833e-05
77.99999999999984 1 6.891337397973998e-05
78.09999999999984 1 6.930029816269399e-05
78.19999999999983 1 6.983395901224151e-05
78.29999999999983 1 7.051576263202314e-05
78.39999999999982 1 6.996655918055229e-05
78.49999999999982 1 7.033003897777675e-05
78.59999999999981 1 7.084475520284915e-05
78.6999999999998 1 7.151211390463345e-05
78.7999999999998 1 7.094340725913516e-05
78.89999999999979 1 7.129397219857044e-05
78.99999999999979 1 7.180031404752801e-05
79.09999999999978 1 7.246383798221753e-05
79.19999999999978 1 7.184442524266821e-05
79.29999999999977 1 7.219295919502692e-05
79.39999999999976 1 7.27018468336538e-05
79.49999999999976 1 7.337249172138125e-05
79.59999999999975 1 7.267241234704691e-05
79.69999999999975 1 7.30301312291579e-05
79.79999999999974 1 7.355281275324821e-05
79.89999999999974 1 7.424185807190788e-05
79.99999999999973 1 7.343235093493512e-05
80.09999999999972 1 7.381078145515159e-05
80.19999999999972 1 7.435881175357443e-05
80.29999999999971 1 7.507783982968035e-05
80.39999999999971 1 7.413130178856198e-05
80.4999999999997 1 7.454226112462051e-05
80.5999999999997 1 7.512748167385828e-05
80.69999999999969 1 7.450027813096277e-05
80.79999999999968 1 7.477830372435592e-05
80.89999999999968 1 7.523387991169009e-05
80.99999999999967 1 7.586839951018797e-05
81.09999999999967 1 7.505399866888035e-05
81.19999999999966 1 7.538427704922033e-05
81.29999999999966 1 7.589681040625142e-05
81.39999999999965 1 7.535733657119793e-05
81.49999999999964 1 7.556683960687566e-05
81.59999999999964 1 7.596193093478705e-05
81.69999999999963 1 7.654399618295984e-05
81.79999999999963 1 7.577062934170432e-05
81.89999999999962 1 7.605298966178282e-05
81.99999999999962 1 7.652567457938666e-05
82.09999999999961 1 7.598557527885691e-05
82.1999999999996 1 7.616007534128223e-05
82.2999999999996 1 7.652826868709111e-05
82.3999999999996 1 7.709153180342359e-05
82.49999999999959 1 7.627411000582248e-05
82.59999999999958 1 7.654285182429289e-05
82.69999999999958 1 7.701004498169678e-05
82.79999999999957 1 7.638682270079633e-05
82.89999999999957 1 7.656129783549189e-05
82.99999999999956 1 7.693762033996456e-05
83.09999999999955 1 7.751715598626706e-05
83.19999999999955 1 7.657625579847471e-05
83.29999999999954 1 7.686704391662378e-05
83.39999999999954 1 7.736445000826553e-05
83.49999999999953 1 7.658112553738487e-05
83.59999999999953 1 7.679184637626414e-05
83.69999999999952 1 7.721260125351886e-05
83.79999999999951 1 7.657003377140696e-05
83.89999999999951 1 7.670627934708715e-05
83.9999999999995 1 7.705598493328037e-05
84.0999999999995 1 7.76204991262577e-05
84.19999999999949 1 7.660529252247848e-05
84.29999999999949 1 7.688966860426546e-05
84.39999999999948 1 7.739228271328247e-05
84.49999999999947 1 7.648451121624351e-05
84.59999999999947 1 7.67093900279067e-05
84.69999999999946 1 7.715594324633475e-05
84.79999999999946 1 7.634021483613542e-05
84.89999999999945 1 7.651153560465469e-05
84.99999999999945 1 7.690797299647342e-05
85.09999999999944 1 7.616931560874471e-05
85.19999999999943 1 7.629311951875519e-05
85.29999999999943 1 7.664548687031405e-05
85.39999999999942 1 7.596933822870976e-05
85.49999999999942 1 7.605176334680357e-05
85.59999999999941 1 7.636620221534616e-05
85.6999999999994 1 7.573839987781569e-05
85.7999999999994 1 7.578567633991607e-05
85.8999999999994 1 7.606841921840952e-05
85.99999999999939 1 7.658793870164894e-05
86.09999999999938 1 7.549363619683411e-05
86.19999999999938 1 7.575100191027513e-05
86.29999999999937 1 7.624859161060166e-05
86.39999999999937 1 7.517497039089048e-05
86.49999999999936 1 7.541335952381648e-05
86.59999999999935 1 7.589542016402817e-05
86.69999999999935 1 7.482953802314491e-05
86.79999999999934 1 7.505542858820757e-05
86.89999999999934 1 7.552843729273265e-05
86.99999999999933 1 7.445771219310623e-05
87.09999999999933 1 7.4677655347533e-05
87.19999999999932 1 7.514816146467052e-05
87.29999999999932 1 7.406036277747776e-05
87.39999999999931 1 7.428097877325345e-05
87.4999999999993 1 7.475559980753064e-05
87.5999999999993 1 7.36388398601769e-05
87.69999999999929 1 7.386681397174007e-05
87.79999999999929 1 7.3212496172402e-05
87.89999999999928 1 7.319495737651588e-05
87.99999999999928 1 7.343703612655755e-05
88.09999999999927 1 7.273104427414877e-05
88.19999999999926 1 7.273097744771e-05
88.29999999999926 1 7.299396477861785e-05
88.39999999999925 1 7.222532614365103e-05
88.49999999999925 1 7.22495949699643e-05
88.59999999999924 1 7.254034869251355e-05
88.69999999999924 1 7.169840347584912e-05
88.79999999999923 1 7.175392271784366e-05
88.89999999999922 1 7.207935093169715e-05
88.99999999999922 1 7.1153744792915e-05
89.09999999999921 1 7.124747684430851e-05
89.1999999999992 1 7.203914115967654e-05
89.2999999999992 1 7.873883713432824e-05
89.3999999999992 1 9.131745850990755e-05
89.49999999999919 1 0.00010974598353144447
89.59999999999918 1 0.00013399547515567756
89.69999999999918 1 0.0001640370812533646
89.79999999999917 1 0.00019984203478565698
89.89999999999917 1 0.00024138165392009812
89.99999999999916 1 0.00028862734229168096
90.09999999999916 1 0.0003415505890878479
90.19999999999915 1 0.00040012296921401036
90.29999999999914 1 0.0004643161434566069
90.39999999999914 1 0.0005341018586266463
90.49999999999913 1 0.0006094519476365664
90.59999999999913 1 0.0006903383296919999
90.69999999999912 1 0.0007767330103834208
90.79999999999912 1 0.0008686080818006288
90.89999999999911 1 0.0009659357226461867
90.9999999999991 1 0.0010686881983100792
91.0999999999991 1 0.0011768378609893766
91.1999999999991 1 0.0012903571498472295
91.29999999999909 1 0.0014092185909382587
91.39999999999908 1 0.001533394797421532
91.49999999999908 1 0.001662858469593893
91.59999999999907 1 0.0017975823949350701
91.69999999999906 1 0.0019375394482083089
91.79999999999906 1 0.0020827025915077894
91.89999999999905 1 0.0022330448742874298
91.99999999999905 1 0.002388539433444684
92.09999999999904 1 0.0025491594933350938
92.19999999999904 1 0.0027148783658225008
92.29999999999903 1 0.0028856694503060316
92.39999999999903 1 0.003061506233763625
92.49999999999902 1 0.0032423622907635477
92.59999999999901 1 0.003428211283478845
92.69999999999901 1 0.0036190269617054505
92.799999999999 1 0.0038147831628980197
92.899999999999 1 0.0040154538121096985
92.99999999999899 1 0.004221012922064361
93.09999999999899 1 0.004431434593123192
93.19999999999898 1 0.004646693013279985
93.29999999999897 1 0.004866762458134563
93.39999999999897 1 0.005091617290896737
93.49999999999896 1 0.005321231962362284
93.59999999999896 1 0.005555581010902433
93.69999999999895 1 0.005794639062392555
93.79999999999895 1 0.006038380830225392
93.89999999999894 1 0.006286781115253381
93.99999999999893 1 0.006539814805766855
94.09999999999893 1 0.006797456877439125
94.19999999999892 1 0.007059682393258446
94.29999999999892 1 0.007326466503530506
94.39999999999891 1 0.007597784445791571
94.4999999999989 1 0.007873611544738954
94.5999999999989 1 0.008153923212194282
94.6999999999989 1 0.008438694947048462
94.79999999999889 1 0.008727902335163712
94.89999999999888 1 0.00902152104932294
94.99999999999888 1 0.00931952684915412
95.09999999999887 1 0.009621895581058495
95.19999999999887 1 0.009928603178105008
95.29999999999886 1 0.010239625660002206
95.39999999999885 1 0.010554939132952145
95.49999999999885 1 0.010874519789585346
95.59999999999884 1 0.011198343908904753
95.69999999999884 1 0.01152638785611003
95.79999999999883 1 0.0118586280825957
95.89999999999883 1 0.0121950411257802
95.99999999999882 1 0.01253560360904864
96.09999999999881 1 0.012880292241600887
96.19999999999881 1 0.013229083818392773
96.2999999999988 1 0.013581955219993358
96.3999999999988 1 0.013938883412502007
96.49999999999879 1 0.014299845447375786
96.59999999999879 1 0.014664818461387629
96.69999999999878 1 0.015033779676458778
96.79999999999878 1 0.015406706399541288
96.89999999999877 1 0.015783576022501952
96.99999999999876 1 0.016164366021990586
97.09999999999876 1 0.01654905395930594
97.19999999999875 1 0.01693761748030841
97.29999999999875 1 0.017330034315188883
97.39999999999874 1 0.01772628227844083
97.49999999999874 1 0.018126339268641073
97.59999999999873 1 0.018530183268382655
97.69999999999872 1 0.01893779234407513
97.79999999999872 1 0.01934914464580262
97.89999999999871 1 0.019764218407223057
97.9999999999987 1 0.020182991945409703
