 26 1 0.0009390836385087452
 26 2 0.00019092250924842836
 26 3 0.0003147855916376822
 26 4 0.0029950105256498164
 26 5 0.008464209397963884
 26 6 0.01612995206270734
 26 7 0.02516878384975385
 26 8 0.03480388355747875
 26 9 0.04438467464328314
 26 10 0.05340286549860106
 26 11 0.06148561358712151
 26 12 0.06837725485571064
 26 13 0.07392025394404804
 26 14 0.07804031768460934
 26 15 0.08072374846142084
 26 16 0.08202341628297138
 26 17 0.08202307777637831
 26 18 0.08084644735355527
 26 19 0.07863293770870428
 26 20 0.07553257755500999
 26 21 0.07170522567919295
 26 22 0.06730084281407843
 26 23 0.062468369174102346
 26 24 0.05734273890903928
 26 25 0.052051245883957264
 26 26 0.04670265316841653
 26 27 0.04139626936891769
 26 28 0.036216540865544676
 26 29 0.031235407741546744
 26 30 0.026513032927074277
 26 31 0.022098756999120773
 26 32 0.018033439121942735
 26 33 0.014344501658495545
 26 34 0.01105879675478499
 26 35 0.00819033060415716
 26 36 0.005911167546622145
 26 37 0.0056089151991107755
 26 38 0.007427832911054111
 26 39 0.011169614779402986
 26 40 0.016647780206164486
 26 41 0.023687760616509436
 26 42 0.032126772859080235
 26 43 0.0418135358126861
 26 44 0.0526078748448122
 26 45 0.06438024916523312
 26 46 0.07701122938668234
 26 47 0.09039094640188162
 26 48 0.10441852772885928
 26 49 0.11900153352842655
 26 50 0.1340554013666562
 27 1 0.0010372707818156602
 27 2 0.00032889229818794754
 27 3 0.00012402995212086823
 27 4 0.002168855620340193
 27 5 0.006874851199263357
 27 6 0.013797192151272534
 27 7 0.022206938654247617
 27 8 0.03138244372921623
 27 9 0.04069881641267812
 27 10 0.04965124259346647
 27 11 0.05786880795735746
 27 12 0.06507270528291294
 27 13 0.07108610802962251
 27 14 0.0758065058423828
 27 15 0.07919317801472311
 27 16 0.08126287045320023
 27 17 0.08207162646438317
 27 18 0.08171201204711896
 27 19 0.08029418993525471
 27 20 0.07795137118240625
 27 21 0.07481803432000594
 27 22 0.07103573073306521
 27 23 0.06673885637025051
 27 24 0.06205879084319331
 27 25 0.057116527105291616
 27 26 0.05202280719687327
 27 27 0.04687717468326414
 27 28 0.04176512213390371
 27 29 0.036766436633510556
 27 30 0.031943207135459555
 27 31 0.027353300470187226
 27 32 0.023041278958801925
 27 33 0.019043750169118207
 27 34 0.015389728236673506
 27 35 0.01216591653862358
 27 36 0.01076635666430159
 27 37 0.011587508652282325
 27 38 0.014425153145661106
 27 39 0.019086764339155
 27 40 0.025391737239130494
 27 41 0.03317136445273601
 27 42 0.042268626952634794
 27 43 0.05253784985119786
 27 44 0.06384426335369359
 27 45 0.07606350029727738
 27 46 0.08908105464268326
 27 47 0.10279171964984585
 27 48 0.11709901997507544
 27 49 0.1319146483581154
 27 50 0.14715791474386664
 28 1 0.0011096828588499363
 28 2 0.000478544956764159
 28 3 2.7907331307530647e-05
 28 4 0.0015208208303582958
 28 5 0.005524560970989967
 28 6 0.01173908444819034
 28 7 0.019530270528487905
 28 8 0.02822412717512141
 28 9 0.03722559149707089
 28 10 0.046048199903075085
 28 11 0.054312466192012646
 28 12 0.061731000609605485
 28 13 0.06811235943236615
 28 14 0.07332736251948546
 28 15 0.07731688618942072
 28 16 0.08006590748838328
 28 17 0.08160654425716583
 28 18 0.08200099259083198
 28 19 0.08134047036421288
 28 20 0.07972830917545386
 28 21 0.07728698443980249
 28 22 0.07413924569073005
 28 23 0.0704072071892796
 28 24 0.06621730998182047
 28 25 0.061680735161063475
 28 26 0.05690797598792068
 28 27 0.05199751254780351
 28 28 0.04703810359678952
 28 29 0.04210854336624214
 28 30 0.037277773486707015
 28 31 0.03260527692590808
 28 32 0.028142553119505163
 28 33 0.02392928954642911
 28 34 0.02000226508183229
 28 35 0.017473897576286035
 28 36 0.017265470143421717
 28 37 0.01916722446437697
 28 38 0.0229808590241744
 28 39 0.028519920965381786
 28 40 0.035609905317928466
 28 41 0.04408813493582195
 28 42 0.05380347935840205
 28 43 0.06461595854369347
 28 44 0.07639626750594934
 28 45 0.08902524990953964
 28 46 0.10239334227450002
 28 47 0.1164000053405518
 28 48 0.13095315507319116
 28 49 0.14596860257604577
 28 50 0.16136950963552946
 29 1 0.0011623461356143642
 29 2 0.0006347397822208389
 29 3 1.047615346122353e-06
 29 4 0.001018689194817271
 29 5 0.0043890896454677935
 29 6 0.00993605639563238
 29 7 0.017115601231829588
 29 8 0.025316706214715736
 29 9 0.033972788134087425
 29 10 0.0426084730079392
 29 11 0.05084808850416431
 29 12 0.058398047147161916
 29 13 0.06505431455520494
 29 14 0.07067325880203174
 29 15 0.0751716308646806
 29 16 0.07851342363483313
 29 17 0.08070878856192049
 29 18 0.08179494615825744
 29 19 0.08183789397119855
 29 20 0.08092484903958592
 29 21 0.07915710174599504
 29 22 0.07664204415485856
 29 23 0.07349008236743394
 29 24 0.06981612065170101
 29 25 0.0657281844890991
 29 26 0.06132817401711702
 29 27 0.05671495637527831
 29 28 0.05197501232615824
 29 29 0.04718984952554583
 29 30 0.04243046354756063
 29 31 0.037756653957613094
 29 32 0.03322642124279692
 29 33 0.02888452072284042
 29 34 0.025310160584902097
 29 35 0.024042317039241496
 29 36 0.02497875219275309
 29 37 0.027915656297092986
 29 38 0.032660906932985304
 29 39 0.03903431218877961
 29 40 0.04686759669513561
 29 41 0.056004196815288045
 29 42 0.06629891745577589
 29 43 0.07761749175720942
 29 44 0.08983607589114728
 29 45 0.1028407039348148
 29 46 0.11652672199475514
 29 47 0.13079821612899276
 29 48 0.14556744495083526
 29 49 0.1607542849016251
 29 50 0.17628569390294685
 30 1 0.0011908812019251203
 30 2 0.0007844127725770514
 30 3 3.0070449050319493e-05
 30 4 0.000642564637821457
 30 5 0.0034363926986023963
 30 6 0.008356062464995345
 30 7 0.014948672825985835
 30 8 0.02265183635218503
 30 9 0.030936603614498993
 30 10 0.03934206926953062
 30 11 0.04749838001024642
 30 12 0.05510930311779874
 30 13 0.06196164891139766
 30 14 0.06789902681945692
 30 15 0.072822921323797
 30 16 0.0766775045637292
 30 17 0.07944965860468356
 30 18 0.08116127155588877
 30 19 0.08185633340794368
 30 20 0.08160160369529107
 30 21 0.08048124200064859
 30 22 0.07858704442103084
 30 23 0.07601620054763576
 30 24 0.07287382908148317
 30 25 0.0692593880624902
 30 26 0.06527068499841579
 30 27 0.061000569787713045
 30 28 0.05653563883793578
 30 29 0.05195540998932676
 30 30 0.04733189015371793
 30 31 0.042729466091423494
 30 32 0.03820505610483999
 30 33 0.03392355147128534
 30 34 0.03156703147075155
 30 35 0.03150963737416939
 30 36 0.03354232633456782
 30 37 0.03746748165360108
 30 38 0.043099324392199295
 30 39 0.05026402476259092
 30 40 0.05879958869849694
 30 41 0.06855557942585004
 30 42 0.07939272120961972
 30 43 0.09118242223464035
 30 44 0.10380624535962207
 30 45 0.1171553489003139
 30 46 0.1311299143458597
 30 47 0.14563857373951242
 30 48 0.1605978461532816
 30 49 0.17593159008654863
 30 50 0.19157047658214554
 31 1 0.0011958231564857115
 31 2 0.0009224314301773722
 31 3 0.00010038224243069343
 31 4 0.00037146725417159924
 31 5 0.0026461072219054306
 31 6 0.006979853976520339
 31 7 0.013004200816512004
 31 8 0.020213308522494346
 31 9 0.028109921428603316
 31 10 0.03625394027411285
 31 11 0.0442791060724363
 31 12 0.051893274952056506
 31 13 0.058872914102916396
 31 14 0.06505430351566341
 31 15 0.07032619351153085
 31 16 0.07461641775852594
 31 17 0.07789687500016602
 31 18 0.0801685374843531
 31 19 0.08145955314333571
 31 20 0.08181818110250096
 31 21 0.08131069152860758
 31 22 0.08001613529925915
 31 23 0.07802001298918616
 31 24 0.07541297903326884
 31 25 0.0722873174063908
 31 26 0.06873427764507178
 31 27 0.06484315184678001
 31 28 0.060694626117253375
 31 29 0.05636858588453709
 31 30 0.05193803861075352
 31 31 0.04746495623782804
 31 32 0.04301124594387562
 31 33 0.039555315054263816
 31 34 0.0384752541681915
 31 35 0.039576252568480824
 31 36 0.042655381610514895
 31 37 0.04752137217128245
 31 38 0.05399487350163485
 31 39 0.06190844844860081
 31 40 0.07110637318486487
 31 41 0.08144429532483745
 31 42 0.0927887927587006
 31 43 0.10501686622954688
 31 44 0.11801539121126058
 31 45 0.13168054867802784
 31 46 0.14591724960922647
 31 47 0.16063856431099968
 31 48 0.17576516466902598
 31 49 0.1912247851181389
 31 50 0.20695170629712006
 32 1 0.0011843803829146913
 32 2 0.0010493881667473814
 32 3 0.0001966771713909231
 32 4 0.00018425293182427576
 32 5 0.001994064539544345
 32 6 0.0057860940969837096
 32 7 0.01126683539785418
 32 8 0.017990353738594037
 32 9 0.025488957698660913
 32 10 0.03334526195384256
 32 11 0.04120059331556434
 32 12 0.04876582677200487
 32 13 0.055814816164094956
 32 14 0.06217693774495103
 32 15 0.06772799993780983
 32 16 0.07238684413112076
 32 17 0.07610649882142383
 32 18 0.07887685011615804
 32 19 0.08070667528089469
 32 20 0.08163150354665641
 32 21 0.08170031490672652
 32 22 0.08097948384784505
 32 23 0.0795389344414325
 32 24 0.07746213628438083
 32 25 0.07483156695961754
 32 26 0.0717288784475804
 32 27 0.06823941733187482
 32 28 0.06443958253005702
 32 29 0.06040796140720062
 32 30 0.05621382364598281
 32 31 0.05192196083726863
 32 32 0.047785051018846815
 32 33 0.045652099337585364
 32 34 0.0457928504372783
 32 35 0.047999266089008244
 32 36 0.05207469077504707
 32 37 0.057834283560082765
 32 38 0.06510514195613236
 32 39 0.07372619532583613
 32 40 0.08354792931061028
 32 41 0.09443198972876382
 32 42 0.1062507038537215
 32 43 0.11888654851390275
 32 44 0.1322315876783341
 32 45 0.1461868967907617
 32 46 0.16066198682892072
 32 47 0.17557423767953823
 32 48 0.19084834775746295
 32 49 0.20641580471534993
 32 50 0.2222143804729953
 44.75 1 0.0004123028564975887
 44.75 2 0.0012825165950690253
 44.75 3 0.0015032606162094452
 44.75 4 0.000884209419258274
 44.75 5 0.0001687194817567259
 44.75 6 6.423105380902133e-05
 44.75 7 0.0009437815790341311
 44.75 8 0.0029070079272946977
 44.75 9 0.005889838134924043
 44.75 10 0.009748589311732992
 44.75 11 0.014302185795619584
 44.75 12 0.019374486652188643
 44.75 13 0.024792342502883365
 44.75 14 0.030402292470401222
 44.75 15 0.03606364283126116
 44.75 16 0.04166207338675709
 44.75 17 0.04709535360633681
 44.75 18 0.052279456805943515
 44.75 19 0.0571456174842795
 44.75 20 0.061638808266977804
 44.75 21 0.06571735731289839
 44.75 22 0.06934660414125789
 44.75 23 0.07250663308645988
 44.75 24 0.07518554794114118
 44.75 25 0.07737555934697296
 44.75 26 0.0790803551187287
 44.75 27 0.08034437095555094
 44.75 28 0.08278441853861361
 44.75 29 0.08711045284858673
 44.75 30 0.09313268745221058
 44.75 31 0.10067291856326263
 44.75 32 0.10956477256457989
 44.75 33 0.11965366934180381
 44.75 34 0.13079657916005763
 44.75 35 0.14286163371794156
 44.75 36 0.15572763829071398
 44.75 37 0.16928352093860657
 44.75 38 0.1834277460954829
 44.75 39 0.19806771303206155
 44.75 40 0.2131191543452509
 44.75 41 0.2285055454626523
 44.75 42 0.2441575329271364
 44.75 43 0.26001238674470534
 44.75 44 0.276013480182768
 44.75 45 0.2921097989697271
 44.75 46 0.3082554807707311
 44.75 47 0.32440938501913585
 44.75 48 0.3405346926059001
 44.75 49 0.3565985345204617
 44.75 50 0.3725716482571783
 45.75 1 0.0003558887722656865
 45.75 2 0.0012286150151992795
 45.75 3 0.001537872869825386
 45.75 4 0.000989075376808781
 45.75 5 0.0002480729248153911
 45.75 6 2.0486184367036825e-05
 45.75 7 0.0006996098025206001
 45.75 8 0.002416929745927347
 45.75 9 0.0051315592154630415
 45.75 10 0.008719340365070063
 45.75 11 0.013017690509994899
 45.75 12 0.017857611194576167
 45.75 13 0.023072806974016254
 45.75 14 0.028515402622938762
 45.75 15 0.03405209949363495
 45.75 16 0.03956292205064751
 45.75 17 0.04495008587276966
 45.75 18 0.05012995837611394
 45.75 19 0.05503162494104805
 45.75 20 0.059597901335349715
 45.75 21 0.06378217799603533
 45.75 22 0.06755271691965659
 45.75 23 0.07088338079998553
 45.75 24 0.0737578992343021
 45.75 25 0.07616775705734621
 45.75 26 0.07811140290690044
 45.75 27 0.07992638719820842
 45.75 28 0.08342399092172088
 45.75 29 0.08871036699422828
 45.75 30 0.09560129557206443
 45.75 31 0.10392423832268476
 45.75 32 0.11351847041990924
 45.75 33 0.12423495778650319
 45.75 34 0.13593605137195366
 45.75 35 0.14849505420492917
 45.75 36 0.16179570413458294
 45.75 37 0.17573160499533147
 45.75 38 0.190205630898169
 45.75 39 0.2051293220496309
 45.75 40 0.22042228558216173
 45.75 41 0.23601161106280008
 45.75 42 0.25183130740313436
 45.75 43 0.26782176563783017
 45.75 44 0.2839292503240238
 45.75 45 0.3001054210230175
 45.75 46 0.31630688436531634
 45.75 47 0.33249477649664755
 45.75 48 0.34863437519788254
 45.75 49 0.3646947406204297
 45.75 50 0.38064838334420004
 46.75 1 0.00030467909002680196
 46.75 2 0.0011685125609835895
 46.75 3 0.0015618763983887582
 46.75 4 0.0010862175193738599
 46.75 5 0.0003357425599399955
 46.75 6 1.5325919178415693e-06
 46.75 7 0.0005006974584307707
 46.75 8 0.0019898955928876264
 46.75 9 0.0044493379481093
 46.75 10 0.0077787911348128425
 46.75 11 0.011826361481541033
 46.75 12 0.016435394774228403
 46.75 13 0.02144940924997365
 46.75 14 0.026720894075193152
 46.75 15 0.03212201808377045
 46.75 16 0.0375368267889886
 46.75 17 0.04286596913861855
 46.75 18 0.04802504423265838
 46.75 19 0.05294341637753809
 46.75 20 0.05756345250373304
 46.75 21 0.06183612301224188
 46.75 22 0.06572670295233995
 46.75 23 0.06920577876768459
 46.75 24 0.0722557014900688
 46.75 25 0.07486455130961166
 46.75 26 0.07702532953986804
 46.75 27 0.07965913477595275
 46.75 28 0.08415644482331475
 46.75 29 0.09034911328709555
 46.75 30 0.09805848739240132
 46.75 31 0.10711763822195666
 46.75 32 0.11737139175161984
 46.75 33 0.12867613167533443
 46.75 34 0.14089944036967594
 46.75 35 0.1539196292730798
 46.75 36 0.1676251979587483
 46.75 37 0.18191425169641476
 46.75 38 0.1966938998436507
 46.75 39 0.21187965158095176
 46.75 40 0.22739482097442668
 46.75 41 0.2431699498483617
 46.75 42 0.2591422542603842
 46.75 43 0.2752550983204627
 46.75 44 0.2914574975444185
 46.75 45 0.307703652772594
 46.75 46 0.3239525148275748
 46.75 47 0.34016737946451403
 46.75 48 0.35631551172744663
 46.75 49 0.3723677985250219
 46.75 50 0.388298428044205
 47.75 1 0.0002564011115503858
 47.75 2 0.001105873786952253
 47.75 3 0.0015758319123350799
 47.75 4 0.0011786157448202587
 47.75 5 0.00042909694541956627
 47.75 6 7.494507154130285e-06
 47.75 7 0.00034202699840644595
 47.75 8 0.0016169339978817751
 47.75 9 0.0038372360550384837
 47.75 10 0.006917163275510154
 47.75 11 0.010724378697523587
 47.75 12 0.015105579440191579
 47.75 13 0.019916410585492112
 47.75 14 0.025015176853108223
 47.75 15 0.03027511838025669
 47.75 16 0.03558461611474063
 47.75 17 0.040843350670667265
 47.75 18 0.04596907415843665
 47.75 19 0.050889610654838394
 47.75 20 0.05554540093749665
 47.75 21 0.05988784152864098
 47.75 22 0.06387822031327871
 47.75 23 0.06748756514551553
 47.75 24 0.0706919339405549
 47.75 25 0.07347817014632772
 47.75 26 0.07589941862159437
 47.75 27 0.0795504376849615
 47.75 28 0.08499174660409074
 47.75 29 0.09203874331393042
 47.75 30 0.10051831652041644
 47.75 31 0.11026907220189894
 47.75 32 0.121141276698965
 47.75 33 0.13299659552143478
 47.75 34 0.14570768924589775
 47.75 35 0.15915771370637247
 47.75 36 0.17323976044997497
 47.75 37 0.18785626458735158
 47.75 38 0.2029184002423596
 47.75 39 0.21834547841350815
 47.75 40 0.23406435788336394
 47.75 41 0.25000887659696236
 47.75 42 0.26611930847178356
 47.75 43 0.2823418487360541
 47.75 44 0.29862812948929107
 47.75 45 0.31493476613736965
 47.75 46 0.33122293459128915
 47.75 47 0.34745797857203753
 47.75 48 0.3636090459824307
 47.75 49 0.3796487530518562
 47.75 50 0.3955528748006692
 48.75 1 0.00021332707928555967
 48.75 2 0.0010413692113263387
 48.75 3 0.0015789375434290256
 48.75 4 0.0012615614351958347
 48.75 5 0.0005261325882194286
 48.75 6 3.0216581900718142e-05
 48.75 7 0.0002192077899454561
 48.75 8 0.0012956943186299159
 48.75 9 0.0032898195520871506
 48.75 10 0.006132747015993729
 48.75 11 0.009701766523388076
 48.75 12 0.013863235553747189
 48.75 13 0.018471645443465166
 48.75 14 0.023395824211273324
 48.75 15 0.028510914305041254
 48.75 16 0.03370651109490266
 48.75 17 0.038885874477533264
 48.75 18 0.0439654451509505
 48.75 19 0.04887437475301898
 48.75 20 0.05355054159025628
 48.75 21 0.05794568378229817
 48.75 22 0.06201880966098575
 48.75 23 0.06573800349031848
 48.75 24 0.06907921153539638
 48.75 25 0.0720254775294113
 48.75 26 0.0749755060935817
 48.75 27 0.0796083671193654
 48.75 28 0.08594008188987272
 48.75 29 0.09379148736572843
 48.75 30 0.10299496596590574
 48.75 31 0.11339456863385788
 48.75 32 0.12484588159336069
 48.75 33 0.13721571038860764
 48.75 34 0.15038163802562785
 48.75 35 0.16423150069983478
 48.75 36 0.17866281407394471
 48.75 37 0.19358217481717446
 48.75 38 0.20890465567884933
 48.75 39 0.22455320737457693
 48.75 40 0.2404580767103574
 48.75 41 0.25655624741573957
 48.75 42 0.27279090790855737
 48.75 43 0.28911094851576086
 48.75 44 0.3054704894067484
 48.75 45 0.3218284395593666
 48.75 46 0.33814808640076305
 48.75 47 0.3543967152841096
 48.75 48 0.37054525763306895
 48.75 49 0.3865679663711773
 48.75 50 0.4024421171254055
 49.75 1 0.0001751758599857512
 49.75 2 0.0009761330339119977
 49.75 3 0.0015743646087652144
 49.75 4 0.0013368800241329148
 49.75 5 0.0006235935826692596
 49.75 6 6.908304256596703e-05
 49.75 7 0.00012841376551130912
 49.75 8 0.0010210302922848526
 49.75 9 0.0028021269251125003
 49.75 10 0.005416257782096664
 49.75 11 0.008758455142427296
 49.75 12 0.012701656200302424
 49.75 13 0.017111381044420188
 49.75 14 0.02186024398585694
 49.75 15 0.026825137344146023
 49.75 16 0.03190223538660647
 49.75 17 0.03699431874888856
 49.75 18 0.042016730155600146
 49.75 19 0.04690178148030059
 49.75 20 0.05158492875597337
 49.75 21 0.05601680458552875
 49.75 22 0.06015669186902245
 49.75 23 0.06396841118961351
 49.75 24 0.06742878147668403
 49.75 25 0.07051590655621383
 49.75 26 0.0742813135831358
 49.75 27 0.07984088966409758
 49.75 28 0.08701149458004347
 49.75 29 0.09561938687500238
 49.75 30 0.10550237617816624
 49.75 31 0.1165098557589812
 49.75 32 0.1285026032966841
 49.75 33 0.14135241837134038
 49.75 34 0.15494164931858806
 49.75 35 0.1691626495395756
 49.75 36 0.1839171934918959
 49.75 37 0.19911587487854782
 49.75 38 0.21467750356058993
 49.75 39 0.23052851308889163
 49.75 40 0.24660238719250066
 49.75 41 0.2628391108448188
 49.75 42 0.2791846494708507
 49.75 43 0.2955904583134329
 49.75 44 0.3120130228288778
 49.75 45 0.3284134301427882
 49.75 46 0.3447569709939143
 49.75 47 0.36101277117267916
 49.75 48 0.3771534511778444
 49.75 49 0.39315481263620056
 49.75 50 0.4089955499301308
 50.75 1 0.00014215871096848464
 50.75 2 0.0009086389187548638
 50.75 3 0.00156053168616088
 50.75 4 0.0014042092295144123
 50.75 5 0.0007220573976524576
 50.75 6 0.0001211407946969202
 50.75 7 6.282191514031261e-05
 50.75 8 0.0007883317344254764
 50.75 9 0.0023675789825806197
 50.75 10 0.00476519468764991
 50.75 11 0.007888230301338842
 50.75 12 0.011620295515130278
 50.75 13 0.015831917186869146
 50.75 14 0.020403382665939475
 50.75 15 0.025217703850884253
 50.75 16 0.03017110872239102
 50.75 17 0.03516674935404849
 50.75 18 0.040125734589363395
 50.75 19 0.04497354299544396
 50.75 20 0.0496516294468255
 50.75 21 0.05410730011004033
 50.75 22 0.058297614909505975
 50.75 23 0.06218764837264117
 50.75 24 0.06575064250071808
 50.75 25 0.0690954534492017
 50.75 26 0.07382233838868768
 50.75 27 0.08025560148238572
 50.75 28 0.08821561451451954
 50.75 29 0.09753401774379433
 50.75 30 0.10805396581831621
 50.75 31 0.11963008135938935
 50.75 32 0.13212819895553068
 50.75 33 0.1454249633931983
 50.75 34 0.1594073309404929
 50.75 35 0.17397201067501653
 50.75 36 0.18902487358872738
 50.75 37 0.20448034999540302
 50.75 38 0.22026083018578946
 50.75 39 0.23629607897935745
 50.75 40 0.2525226715329992
 50.75 41 0.26888345526812063
 50.75 42 0.2853270408926085
 50.75 43 0.3018073240871472
 50.75 44 0.3182830383873845
 50.75 45 0.3347173390404434
 50.75 46 0.35107741707925383
 50.75 47 0.3673341424901974
 50.75 48 0.383461735107786
 50.75 49 0.3994374617234924
 50.75 50 0.41524135782033605
 38.5 1 0.000836991095909132
 38.5 2 0.0014502380889229085
 38.5 3 0.0010151834506068687
 38.5 4 0.0002037045699245124
 38.5 5 9.052316398874047e-05
 38.5 6 0.0012751308387147933
 38.5 7 0.0038912649751803165
 38.5 8 0.007807212708461981
 38.5 9 0.012780098299287031
 38.5 10 0.01853139532975916
 38.5 11 0.02478922422530133
 38.5 12 0.031308467958230474
 38.5 13 0.03787733207551041
 38.5 14 0.044317701306333855
 38.5 15 0.050482942941888986
 38.5 16 0.05625325649863952
 38.5 17 0.06153557663283355
 38.5 18 0.06625996402394467
 38.5 19 0.0703768279206036
 38.5 20 0.0738544579334075
 38.5 21 0.07667685822094339
 38.5 22 0.078841857114347
 38.5 23 0.08035811579467451
 38.5 24 0.08124715714764498
 38.5 25 0.08153524833633245
 38.5 26 0.08125649134040507
 38.5 27 0.08045286901934703
 38.5 28 0.07916664293850834
 38.5 29 0.07744709065938084
 38.5 30 0.07677282685550008
 38.5 31 0.07824348991607763
 38.5 32 0.08165641863842404
 38.5 33 0.08682031003709198
 38.5 34 0.09355566018951757
 38.5 35 0.10169488346566126
 38.5 36 0.1110821928163909
 38.5 37 0.12157330639254763
 38.5 38 0.13303503165068267
 38.5 39 0.14534476673160354
 38.5 40 0.15838994979376156
 38.5 41 0.1720674797327309
 38.5 42 0.1862831259720065
 38.5 43 0.20095094047868112
 38.5 44 0.21599268160272816
 38.5 45 0.23133725656384035
 38.5 46 0.24692018725812792
 38.5 47 0.26268310239972054
 38.5 48 0.2785732577465075
 38.5 49 0.29454308520260997
 38.5 50 0.3105497708766022
 39.5 1 0.000766741786698076
 39.5 2 0.0014512727047158544
 39.5 3 0.0011245934743283933
 39.5 4 0.0003021338390593055
 39.5 5 2.808792461281143e-05
 39.5 6 0.0009394164833408726
 39.5 7 0.0032143353960078147
 39.5 8 0.006768809407763839
 39.5 9 0.011386483615417472
 39.5 10 0.016813904179160052
 39.5 11 0.02279357287990756
 39.5 12 0.029092375491026567
 39.5 13 0.03550036584123896
 39.5 14 0.04184447758168173
 39.5 15 0.047977793738024486
 39.5 16 0.05377653481799492
 39.5 17 0.05914739457002354
 39.5 18 0.06401710689801517
 39.5 19 0.06833043466101961
 39.5 20 0.07204771750647489
 39.5 21 0.07515051628081437
 39.5 22 0.07762680987108547
 39.5 23 0.07948126202857404
 39.5 24 0.0807263851848429
 39.5 25 0.08138364396511003
 39.5 26 0.08148025753886534
 39.5 27 0.08105137893189507
 39.5 28 0.08013408369171916
 39.5 29 0.07897330651558285
 39.5 30 0.07952857162662164
 39.5 31 0.08211784489064963
 39.5 32 0.08654423678964232
 39.5 33 0.09262245242654
 39.5 34 0.10017908044048646
 39.5 35 0.1090525968970972
 39.5 36 0.11909315959812948
 39.5 37 0.13016225212411536
 39.5 38 0.14213222389200597
 39.5 39 0.1548857620481975
 39.5 40 0.16831532267022153
 39.5 41 0.18232254212296678
 39.5 42 0.19681764418170153
 39.5 43 0.21171885442025493
 39.5 44 0.22695183014764922
 39.5 45 0.24244911167698502
 39.5 46 0.258149598780767
 39.5 47 0.27399805470859534
 39.5 48 0.28994463902068307
 39.5 49 0.30594446964904615
 39.5 50 0.3219572139757325
 40.5 1 0.0006941877688393226
 40.5 2 0.0014406205126522244
 40.5 3 0.0012212674553280058
 40.5 4 0.0004098795776283768
 40.5 5 2.3751764012891355e-06
 40.5 6 0.0006661190586751636
 40.5 7 0.0026261742683044297
 40.5 8 0.005838008609196744
 40.5 9 0.01011603695226797
 40.5 10 0.015225748971130673
 40.5 11 0.020928854789516733
 40.5 12 0.02699850270380559
 40.5 13 0.033234205169028266
 40.5 14 0.03946333401423072
 40.5 15 0.04554041219883659
 40.5 16 0.05134378096492209
 40.5 17 0.05677531405056127
 40.5 18 0.06175787192633388
 40.5 19 0.06623294328473503
 40.5 20 0.07015849814406576
 40.5 21 0.07350707342757948
 40.5 22 0.0762640842606692
 40.5 23 0.07842634137231116
 40.5 24 0.08000074991618913
 40.5 25 0.08100125118468013
 40.5 26 0.08145146123617905
 40.5 27 0.08137954641034514
 40.5 28 0.08081736101391102
 40.5 29 0.08051022889795009
 40.5 30 0.0822319445910395
 40.5 31 0.0858808077358231
 40.5 32 0.09126576067654826
 40.5 33 0.09820750083148182
 40.5 34 0.1065386363607164
 40.5 35 0.11610358972610543
 40.5 36 0.12675831800496462
 40.5 37 0.1383699038618002
 40.5 38 0.1508160590430097
 40.5 39 0.16398457263048535
 40.5 40 0.17777272863198706
 40.5 41 0.1920867114275757
 40.5 42 0.20684101282226705
 40.5 43 0.22195785072094693
 40.5 44 0.2373666065334738
 40.5 45 0.2530032861675279
 40.5 46 0.26881000773749186
 40.5 47 0.2847345178003411
 40.5 48 0.30072973693620036
 40.5 49 0.31675333475251793
 40.5 50 0.33276733385030743
 41.5 1 0.0006239656259464973
 41.5 2 0.0014164198926272064
 41.5 3 0.0013069634716448104
 41.5 4 0.0005205696540022556
 41.5 5 6.982543277594663e-06
 41.5 6 0.0004508175507030899
 41.5 7 0.002120912663249954
 41.5 8 0.005008251038570578
 41.5 9 0.00895811204731362
 41.5 10 0.013759321107310115
 41.5 11 0.019185655993084083
 41.5 12 0.025023391269844587
 41.5 13 0.03107764531799134
 41.5 14 0.03717645184929814
 41.5 15 0.04318048873173046
 41.5 16 0.04896359818546821
 41.5 17 0.05442874957245025
 41.5 18 0.05949724351211252
 41.5 19 0.06410489441523552
 41.5 20 0.0682073382519111
 41.5 21 0.07177198887811702
 41.5 22 0.07477936408508218
 41.5 23 0.07721894870954554
 41.5 24 0.07909420442368671
 41.5 25 0.08041540467628402
 41.5 26 0.0811957201972014
 41.5 27 0.08146188175061665
 41.5 28 0.08124521769667822
 41.5 29 0.08205120014689182
 41.5 30 0.0848782500650261
 41.5 31 0.08952965708108755
 41.5 32 0.09582021809536768
 41.5 33 0.10357657908312264
 41.5 34 0.11263727431372096
 41.5 35 0.12285254304211893
 41.5 36 0.13408398654565784
 41.5 37 0.14620411450049936
 41.5 38 0.1590958185638778
 41.5 39 0.17265180215912218
 41.5 40 0.18677398843176898
 41.5 41 0.20137292280337785
 41.5 42 0.21636718220326304
 41.5 43 0.231682799667387
 41.5 44 0.24725271036439989
 41.5 45 0.2630162230826927
 41.5 46 0.27891851966396525
 41.5 47 0.29491018369644345
 41.5 48 0.31094675890335205
 41.5 49 0.3269883370156671
 41.5 50 0.34299917445131833
 42.5 1 0.000554178571883089
 42.5 2 0.001385954856708416
 42.5 3 0.0013809057931959531
 42.5 4 0.00063600751893818
 42.5 5 3.667564067903364e-05
 42.5 6 0.00028572883961545595
 42.5 7 0.001689491488828352
 42.5 8 0.0042707813585042284
 42.5 9 0.007907778456316263
 42.5 10 0.01240729306582091
 42.5 11 0.017561129958237772
 42.5 12 0.023163147622783358
 42.5 13 0.029026038116838328
 42.5 14 0.03498482588346455
 42.5 15 0.04089751053591377
 42.5 16 0.04664271568670835
 42.5 17 0.05211998786500287
 42.5 18 0.05724781451209329
 42.5 19 0.061961661213656614
 42.5 20 0.06621212732868298
 42.5 21 0.06996431490171812
 42.5 22 0.07319152870500403
 42.5 23 0.07588226745848001
 42.5 24 0.07803271351125432
 42.5 25 0.07964745553247587
 42.5 26 0.08073725646897825
 42.5 27 0.08132193359517492
 42.5 28 0.08163907096156668
 42.5 29 0.08359573015629418
 42.5 30 0.08746904229691675
 42.5 31 0.09306797162862082
 42.5 32 0.10021316033154075
 42.5 33 0.10873713578189065
 42.5 34 0.11848424839191785
 42.5 35 0.12931041347820402
 42.5 36 0.1410827145848443
 42.5 37 0.15367891280197504
 42.5 38 0.16698689632605176
 42.5 39 0.1809040963347887
 42.5 40 0.19533688879422323
 42.5 41 0.21019999674405904
 42.5 42 0.22541590364491493
 42.5 43 0.24091428529121017
 42.5 44 0.2566314654159779
 42.5 45 0.2725098982907139
 42.5 46 0.2884976802377725
 42.5 47 0.30454809093066254
 42.5 48 0.32061916458418493
 42.5 49 0.33667329057223716
 42.5 50 0.352676842609749
 43.5 1 0.0004903843606976372
 43.5 2 0.00134473661766104
 43.5 3 0.001443255782415439
 43.5 4 0.0007483828027912028
 43.5 5 8.723586323843953e-05
 43.5 6 0.00016415077270676642
 43.5 7 0.0013214177203987676
 43.5 8 0.0036176499252592617
 43.5 9 0.00695417620212162
 43.5 10 0.011162666322851433
 43.5 11 0.016046615692839248
 43.5 12 0.021413591654058046
 43.5 13 0.02708027741331801
 43.5 14 0.03288849908299067
 43.5 15 0.038698309384409366
 43.5 16 0.04438628094676345
 43.5 17 0.049854259442269365
 43.5 18 0.05502009538696621
 43.5 19 0.05981608924959358
 43.5 20 0.06418838150210207
 43.5 21 0.06809988037249841
 43.5 22 0.07152193166567263
 43.5 23 0.07443720080844506
 43.5 24 0.07683769038930188
 43.5 25 0.07872189221367569
 43.5 26 0.08009987058995827
 43.5 27 0.08098208240296091
 43.5 28 0.08210154642688493
 43.5 29 0.08514792077275637
 43.5 30 0.09001050826604978
 43.5 31 0.09650397832859599
 43.5 32 0.1044547820053791
 43.5 33 0.11370124148972441
 43.5 34 0.12409340007319503
 43.5 35 0.1354926999436845
 43.5 36 0.1477715403068261
 43.5 37 0.16081275633067896
 43.5 38 0.1745090498861976
 43.5 39 0.1887623955165798
 43.5 40 0.2034834391369832
 43.5 41 0.2185909023222252
 43.5 42 0.2340110014258153
 43.5 43 0.24967688797613471
 43.5 44 0.265528114645476
 43.5 45 0.2815101294477021
 43.5 46 0.29757379958125174
 43.5 47 0.31367496540909356
 43.5 48 0.32977402438725817
 43.5 49 0.34583554426302904
 43.5 50 0.36182790452098945
 44.5 1 0.00042835700102911335
 44.5 2 0.0012951738014458825
 44.5 3 0.0014919575674820203
 44.5 4 0.0008586042671716789
 44.5 5 0.00015101560825399085
 44.5 6 8.03415146115141e-05
 44.5 7 0.0010125494659431091
 44.5 8 0.0030416591694671312
 44.5 9 0.006091887735899355
 44.5 10 0.010018801315323683
 44.5 11 0.014639699448805278
 44.5 12 0.019770374365233663
 44.5 13 0.02523798234612065
 44.5 14 0.03088675792107021
 44.5 15 0.03658003687105182
 44.5 16 0.04219811105749489
 44.5 17 0.04764026857749252
 44.5 18 0.052822788619319404
 44.5 19 0.0576773551201465
 44.5 20 0.062150286072405234
 44.5 21 0.0661968677636657
 44.5 22 0.06978899523370553
 44.5 23 0.07290251922915744
 44.5 24 0.07552744785914987
 44.5 25 0.07766049345908847
 44.5 26 0.07930226271651883
 44.5 27 0.08047156106634713
 44.5 28 0.0826379278472863
 44.5 29 0.08671518401486701
 44.5 30 0.09251215502731144
 44.5 31 0.09984921446999936
 44.5 32 0.10855856293254464
 44.5 33 0.11848421485139055
 44.5 34 0.12948177261955213
 44.5 35 0.14141804989363788
 44.5 36 0.1541705920704868
 44.5 37 0.16762713077032407
 44.5 38 0.18168500033694435
 44.5 39 0.19625053740693757
 44.5 40 0.2112384791448656
 44.5 41 0.22657137148733336
 44.5 42 0.24217899543998392
 44.5 43 0.25799781693005364
 44.5 44 0.2739704637726318
 44.5 45 0.29004523183372516
 44.5 46 0.3061756213666033
 44.5 47 0.3223199036776158
 44.5 48 0.33844071768139655
 44.5 49 0.35450469548071406
 44.5 50 0.37048211581526336
 13.5 1 0.004039366747537225
 13.5 2 0.014277375613597149
 13.5 3 0.0303209374215537
 13.5 4 0.04827546980106292
 13.5 5 0.06449706996258205
 13.5 6 0.076690451514637
 13.5 7 0.08381957437567274
 13.5 8 0.08581746459448378
 13.5 9 0.08327527031853066
 13.5 10 0.07715289767422318
 13.5 11 0.06854103607980246
 13.5 12 0.05848638164162986
 13.5 13 0.0479046774962095
 13.5 14 0.037522801584202625
 13.5 15 0.02789786849149142
 13.5 16 0.019424719432665764
 13.5 17 0.012360148390515276
 13.5 18 0.006848562749418691
 13.5 19 0.002959488922894466
 13.5 20 0.0006935437776001623
 13.5 21 3.122793687062242e-06
 13.5 22 0.000813495427471846
 13.5 23 0.0030254725020175026
 13.5 24 0.00652651114072185
 13.5 25 0.011198785772199639
 13.5 26 0.01691641475351886
 13.5 27 0.023555601882100884
 13.5 28 0.030998308990372352
 13.5 29 0.0391261509322564
 13.5 30 0.04782573076031462
 13.5 31 0.05698601286490409
 13.5 32 0.06650535934415412
 13.5 33 0.0762817173242101
 13.5 34 0.08621786978784764
 13.5 35 0.09621665979777101
 13.5 36 0.10618292439670822
 13.5 37 0.1160179913184509
 13.5 38 0.12561858381090948
 13.5 39 0.13486842629604062
 13.5 40 0.14363637877721436
 13.5 41 0.15175830140418586
 13.5 42 0.15901710067311442
 13.5 43 0.16509744414421545
 13.5 44 0.1694932443593385
 13.5 45 0.1734087940236323
 13.5 46 0.17873102486478268
 13.5 47 0.18532022886142888
 13.5 48 0.193043916256618
 13.5 49 0.20177888141363579
 13.5 50 0.21141087236506176
 14.5 1 0.0022652054326768784
 14.5 2 0.010159032095339577
 14.5 3 0.023971328356101038
 14.5 4 0.0406428792619983
 14.5 5 0.05685486141910428
 14.5 6 0.07026209769360846
 14.5 7 0.07957480641175622
 14.5 8 0.08436018223246775
 14.5 9 0.0848183033398906
 14.5 10 0.08155447043911426
 14.5 11 0.07539224192708575
 14.5 12 0.0672184620983679
 14.5 13 0.0578673355399614
 14.5 14 0.04807059831595492
 14.5 15 0.03842045599918312
 14.5 16 0.02937395673668295
 14.5 17 0.021269082853758028
 14.5 18 0.014334649179097986
 14.5 19 0.008712973223471115
 14.5 20 0.00447831621511361
 14.5 21 0.0016551687348502916
 14.5 22 0.00021596451225055566
 14.5 23 0.00012062035670008347
 14.5 24 0.0012970322978706195
 14.5 25 0.00365777478689247
 14.5 26 0.007116270343558652
 14.5 27 0.011573895650230986
 14.5 28 0.016929896422470128
 14.5 29 0.023084788270152326
 14.5 30 0.02994423287370858
 14.5 31 0.037409172467628725
 14.5 32 0.04538764901027479
 14.5 33 0.05379403126565835
 14.5 34 0.06254134215738472
 14.5 35 0.0715470208628842
 14.5 36 0.08073245027749024
 14.5 37 0.09001638609512952
 14.5 38 0.09932520687137134
 14.5 39 0.10857871898024238
 14.5 40 0.1176976189013784
 14.5 41 0.12659672103316919
 14.5 42 0.1351821434410099
 14.5 43 0.14334477686038669
 14.5 44 0.15095296339625905
 14.5 45 0.15783628182066645
 14.5 46 0.16397511493805808
 14.5 47 0.1709575264633771
 14.5 48 0.17905506841602037
 14.5 49 0.1881456847127289
 14.5 50 0.19811626066518795
 15.5 1 0.0011438145506977955
 15.5 2 0.00706471169356239
 15.5 3 0.01876097815777437
 15.5 4 0.033963717668622904
 15.5 5 0.049704556287681376
 15.5 6 0.06368140482757888
 15.5 7 0.07447876537134167
 15.5 8 0.08141780049788211
 15.5 9 0.08439659864567559
 15.5 10 0.08372652504181723
 15.5 11 0.0799834974481097
 15.5 12 0.07386418457586287
 15.5 13 0.0660938516732312
 15.5 14 0.057352577778435596
 15.5 15 0.048229194288741124
 15.5 16 0.03921393473402103
 15.5 17 0.03068581252851934
 15.5 18 0.022935934605186916
 15.5 19 0.01616794660824974
 15.5 20 0.010518435539534125
 15.5 21 0.00606202491680411
 15.5 22 0.00283125998014672
 15.5 23 0.0008297031178368052
 15.5 24 2.2984452955110562e-05
 15.5 25 0.0003669575568967119
 15.5 26 0.0018020654785479617
 15.5 27 0.004252875407523096
 15.5 28 0.007649102823763591
 15.5 29 0.011903643114228582
 15.5 30 0.01694044351849514
 15.5 31 0.022677503913792998
 15.5 32 0.02903309754330493
 15.5 33 0.03593259519322094
 15.5 34 0.043296033610924003
 15.5 35 0.05105234193594506
 15.5 36 0.05913059202919794
 15.5 37 0.0674623530305743
 15.5 38 0.07598158615026698
 15.5 39 0.08462479693338643
 15.5 40 0.09332706939177954
 15.5 41 0.10202613490966873
 15.5 42 0.1106578064486815
 15.5 43 0.11915366539310089
 15.5 44 0.12744527871307137
 15.5 45 0.13545394843276823
 15.5 46 0.14308961044830676
 15.5 47 0.15067897091697247
 15.5 48 0.1592946432423635
 15.5 49 0.16888376739335179
 15.5 50 0.17933406007689198
 16.5 1 0.0004820514116146326
 16.5 2 0.004766384033685584
 16.5 3 0.01452404203265081
 16.5 4 0.02818424492048001
 16.5 5 0.04315098469564384
 16.5 6 0.0572396740407697
 16.5 7 0.06896460678226922
 16.5 8 0.07749328861063862
 16.5 9 0.08251102591164337
 16.5 10 0.08409818808387386
 16.5 11 0.082606644231464
 16.5 12 0.07854877722882347
 16.5 13 0.07252340987794025
 16.5 14 0.0651263697080878
 16.5 15 0.05691622926716928
 16.5 16 0.0483783573542745
 16.5 17 0.03991643146911906
 16.5 18 0.03185735678073783
 16.5 19 0.02444493364523277
 16.5 20 0.01786587278223313
 16.5 21 0.012241468945407629
 16.5 22 0.007649127806256343
 16.5 23 0.004132329852587368
 16.5 24 0.0017001294551255135
 16.5 25 0.0003390487986863758
 16.5 26 1.7933081657954334e-05
 16.5 27 0.0006925534060104802
 16.5 28 0.002310730422788939
 16.5 29 0.004810841238538853
 16.5 30 0.008127561779472844
 16.5 31 0.012197605041718976
 16.5 32 0.01695003584808893
 16.5 33 0.022320699313140166
 16.5 34 0.028243062791138283
 16.5 35 0.03464923518356215
 16.5 36 0.04147930520786722
 16.5 37 0.0486727964605568
 16.5 38 0.05616717833529894
 16.5 39 0.06390732402032695
 16.5 40 0.07183854960845286
 16.5 41 0.07990563168983743
 16.5 42 0.08805501909473962
 16.5 43 0.09623468514627039
 16.5 44 0.10439392937233907
 16.5 45 0.11247665209225477
 16.5 46 0.12042802902016383
 16.5 47 0.12860732881336662
 16.5 48 0.1378265718411144
 16.5 49 0.14799611099403712
 16.5 50 0.15900456808891056
 17.5 1 0.0001424535659466368
 17.5 2 0.003094088642991825
 17.5 3 0.011105095375136428
 17.5 4 0.0232267658668628
 17.5 5 0.0372395373226388
 17.5 6 0.05109866406154764
 17.5 7 0.06332114301722962
 17.5 8 0.07296997644886005
 17.5 9 0.07958691437142278
 17.5 10 0.08307003580844545
 17.5 11 0.08358691839416592
 17.5 12 0.0814883421711002
 17.5 13 0.0772362825720762
 17.5 14 0.07133531420375902
 17.5 15 0.06428422090838594
 17.5 16 0.05654444911496337
 17.5 17 0.04851746050707487
 17.5 18 0.040549047379676975
 17.5 19 0.032908209735525135
 17.5 20 0.025814729551906456
 17.5 21 0.01943054938644681
 17.5 22 0.013871146218081143
 17.5 23 0.009210344827054545
 17.5 24 0.005494297170142371
 17.5 25 0.002737537279971902
 17.5 26 0.000942512504573692
 17.5 27 8.821071532242893e-05
 17.5 28 0.00014052518648023573
 17.5 29 0.001065633184239202
 17.5 30 0.0028102882126794723
 17.5 31 0.005327569124625397
 17.5 32 0.008561292333411075
 17.5 33 0.012456549226490638
 17.5 34 0.016956864734081565
 17.5 35 0.02200493548367277
 17.5 36 0.02754619021591548
 17.5 37 0.033526020812323774
 17.5 38 0.03989154088963274
 17.5 39 0.046591367958344884
 17.5 40 0.05357298864889746
 17.5 41 0.060791796791488745
 17.5 42 0.06819901757424007
 17.5 43 0.07574850426612306
 17.5 44 0.08339534869094575
 17.5 45 0.091095930976818
 17.5 46 0.09893314778479487
 17.5 47 0.10775178020604642
 17.5 48 0.11761222643394831
 17.5 49 0.12839523904874778
 17.5 50 0.1399906573730857
 18.5 1 1.6406465058147792e-05
 18.5 2 0.0018957421405428139
 18.5 3 0.00836280107401532
 18.5 4 0.018999535204745174
 18.5 5 0.031962253901692966
 18.5 6 0.045359687386629294
 18.5 7 0.0577454840280117
 18.5 8 0.06813185446005589
 18.5 9 0.07595954171995793
 18.5 10 0.08099137350739025
 18.5 11 0.08324765008503045
 18.5 12 0.08293950779003621
 18.5 13 0.0803997704548761
 18.5 14 0.07603554657200658
 18.5 15 0.07027888459776459
 18.5 16 0.06354378914243107
 18.5 17 0.056219877298572446
 18.5 18 0.04864898413961214
 18.5 19 0.04111416376588812
 18.5 20 0.033855853432170575
 18.5 21 0.027062457151707783
 18.5 22 0.020878848611185143
 18.5 23 0.015408088574673684
 18.5 24 0.01072203910638957
 18.5 25 0.006870070636632347
 18.5 26 0.0038754085974090913
 18.5 27 0.001739538328857782
 18.5 28 0.00045727942866389377
 18.5 29 1.8238813562307188e-06
 18.5 30 0.00034889610399310906
 18.5 31 0.0014599272281226984
 18.5 32 0.0032953788681201004
 18.5 33 0.005809549309459445
 18.5 34 0.008957894473454341
 18.5 35 0.012690975479890251
 18.5 36 0.016962930183506555
 18.5 37 0.02172612584656069
 18.5 38 0.02693137232354497
 18.5 39 0.03253469291194945
 18.5 40 0.03849055705718525
 18.5 41 0.04475496342360926
 18.5 42 0.0512852834986748
 18.5 43 0.058040151280408736
 18.5 44 0.06498048369534343
 18.5 45 0.07221836381980337
 18.5 46 0.08057930806552252
 18.5 47 0.09007506166530149
 18.5 48 0.10057845765701001
 18.5 49 0.11197189621376374
 18.5 50 0.12414686845738579
 19.5 1 2.6899895348191063e-05
 19.5 2 0.0010753437668584967
 19.5 3 0.006183870132067895
 19.5 4 0.015421256967774567
 19.5 5 0.02728514241821556
 19.5 6 0.04006617036194399
 19.5 7 0.05236596407096114
 19.5 8 0.06318446078488443
 19.5 9 0.07189034147372818
 19.5 10 0.0781531562571906
 19.5 11 0.08187717427190154
 19.5 12 0.08315409333817576
 19.5 13 0.08220875782005405
 19.5 14 0.07934979532017732
 19.5 15 0.07493398718691129
 19.5 16 0.0693279434410693
 19.5 17 0.06288680116273856
 19.5 18 0.05593715556447064
 19.5 19 0.04876773504116619
 19.5 20 0.04162665381943919
 19.5 21 0.034717273720130254
 19.5 22 0.028203123892473227
 19.5 23 0.02221396923234215
 19.5 24 0.016849321891507046
 19.5 25 0.012174980154379544
 19.5 26 0.008238381323629924
 19.5 27 0.005065584155800713
 19.5 28 0.002666655175446686
 19.5 29 0.0010387226014208209
 19.5 30 0.00016889308178976966
 19.5 31 3.6377018835599266e-05
 19.5 32 0.0006127948670892703
 19.5 33 0.0018674222659792077
 19.5 34 0.0037602956486474434
 19.5 35 0.006258247325062255
 19.5 36 0.009318900335221822
 19.5 37 0.012903248475165533
 19.5 38 0.01696808196334399
 19.5 39 0.021475080735519046
 19.5 40 0.026383746101839873
 19.5 41 0.03165474479968747
 19.5 42 0.037247302846614164
 19.5 43 0.04312743918148025
 19.5 44 0.04961798149860812
 19.5 45 0.05745068401299689
 19.5 46 0.06651188275173245
 19.5 47 0.07666656489218503
 19.5 48 0.0877897411551038
 19.5 49 0.09976597417793816
 19.5 50 0.11248887724277044
 7.25 1 0.057721634261902084
 7.25 2 0.0853093829498779
 7.25 3 0.10069785475770661
 7.25 4 0.09936296517197761
 7.25 5 0.08483798945873362
 7.25 6 0.06371323063668342
 7.25 7 0.04186117356261052
 7.25 8 0.023164347968691438
 7.25 9 0.009635671653716746
 7.25 10 0.0019818621054004206
 7.25 11 9.359021848889346e-05
 7.25 12 0.003434663337770345
 7.25 13 0.011245024940575209
 7.25 14 0.022716341477232498
 7.25 15 0.03704079087731988
 7.25 16 0.05344994272535617
 7.25 17 0.07123933019629403
 7.25 18 0.08975534090779609
 7.25 19 0.10837157674912669
 7.25 20 0.12644696207834488
 7.25 21 0.1432629563897108
 7.25 22 0.1578341048190085
 7.25 23 0.16845411576797018
 7.25 24 0.1710408652084761
 7.25 25 0.16109755930742176
 7.25 26 0.14456106916761322
 7.25 27 0.1261843644771148
 7.25 28 0.10783119589725963
 7.25 29 0.09037268537466907
 7.25 30 0.0742472181895582
 7.25 31 0.05968686075451644
 7.25 32 0.046790604424825515
 7.25 33 0.035587193100041006
 7.25 34 0.02605688222084907
 7.25 35 0.018148281941317214
 7.25 36 0.011790414730330153
 7.25 37 0.006899431711127936
 7.25 38 0.003384571962716121
 7.25 39 0.0011536091487986567
 7.25 40 0.00010876240069158183
 7.25 41 0.00015655124996689855
 7.25 42 0.0012031834689983088
 7.25 43 0.0031578825544117325
 7.25 44 0.005928772844182514
 7.25 45 0.009609121692303362
 7.25 46 0.014984084882778666
 7.25 47 0.02200194514540203
 7.25 48 0.030489414366194803
 7.25 49 0.04028563829681912
 7.25 50 0.05124175101421951
 8.25 1 0.03989197095433344
 8.25 2 0.06639684074373235
 8.25 3 0.08738233151944373
 8.25 4 0.09611844394029509
 8.25 5 0.09217180834515061
 8.25 6 0.07898514553804253
 8.25 7 0.06112530201891312
 8.25 8 0.04256097587879127
 8.25 9 0.02602243373469957
 8.25 10 0.013111428646066191
 8.25 11 0.004544769130962885
 8.25 12 0.00045242099147160657
 8.25 13 0.0006241435869758576
 8.25 14 0.004628701884421334
 8.25 15 0.011957507679857138
 8.25 16 0.022057737355459545
 8.25 17 0.03438840423990284
 8.25 18 0.04842103270298666
 8.25 19 0.06367962450344429
 8.25 20 0.0797081435198582
 8.25 21 0.09607005951402711
 8.25 22 0.11234760620556164
 8.25 23 0.1280995265109497
 8.25 24 0.14281959447525466
 8.25 25 0.1558427897314771
 8.25 26 0.16609809522830052
 8.25 27 0.17137415002287373
 8.25 28 0.16744321559402325
 8.25 29 0.15536792264154728
 8.25 30 0.14005592785648208
 8.25 31 0.12382443070825618
 8.25 32 0.10773450099484341
 8.25 33 0.09233891256401075
 8.25 34 0.07794655680072143
 8.25 35 0.06473173942707955
 8.25 36 0.05278068914770371
 8.25 37 0.042133819867209744
 8.25 38 0.032789621019529425
 8.25 39 0.024728106185207013
 8.25 40 0.017926527664457848
 8.25 41 0.01330918843582404
 8.25 42 0.011267163766649584
 8.25 43 0.011571650245312648
 8.25 44 0.014005734020375598
 8.25 45 0.01836499675553931
 8.25 46 0.024457761772471973
 8.25 47 0.03210506895666552
 8.25 48 0.04114044870098213
 8.25 49 0.05140955036328077
 8.25 50 0.0627696687913079
 9.25 1 0.02720371709742532
 9.25 2 0.05088274053614612
 9.25 3 0.07364870416951218
 9.25 4 0.08838343044056442
 9.25 5 0.0925201234904462
 9.25 6 0.08708509710075112
 9.25 7 0.07495024879760963
 9.25 8 0.059393574115588876
 9.25 9 0.043208161273073836
 9.25 10 0.02838882229249809
 9.25 11 0.016199092852588304
 9.25 12 0.007300136234403446
 9.25 13 0.0019200688298479246
 9.25 14 1.9574536549900595e-05
 9.25 15 0.0013739854801801778
 9.25 16 0.005660047141901985
 9.25 17 0.012507496892441287
 9.25 18 0.021530470496902123
 9.25 19 0.032337708138089324
 9.25 20 0.044566802866404555
 9.25 21 0.05786728197118509
 9.25 22 0.07191029376667955
 9.25 23 0.08638517019114081
 9.25 24 0.1009908590805255
 9.25 25 0.11542683879847962
 9.25 26 0.12937301485105882
 9.25 27 0.1424632114987339
 9.25 28 0.15422294092828281
 9.25 29 0.1639371698300259
 9.25 30 0.17029290404170977
 9.25 31 0.1705248494623554
 9.25 32 0.16278673335270455
 9.25 33 0.15052371037289866
 9.25 34 0.13650177547903963
 9.25 35 0.1219982104566175
 9.25 36 0.10767454304098302
 9.25 37 0.0939059014969196
 9.25 38 0.08134142181474463
 9.25 39 0.07170204546751552
 9.25 40 0.06494401493554083
 9.25 41 0.060833927105496684
 9.25 42 0.059146935398608935
 9.25 43 0.05966830187422925
 9.25 44 0.062194390545639945
 9.25 45 0.06653322821510345
 9.25 46 0.07250473416163535
 9.25 47 0.07994069961451752
 9.25 48 0.08868458135340622
 9.25 49 0.09859116033318062
 9.25 50 0.10952610537749262
 10.25 1 0.018240015452674466
 10.25 2 0.03851437851487346
 10.25 3 0.06091744796608242
 10.25 4 0.0787567482047696
 10.25 5 0.08847339359283436
 10.25 6 0.08950347503912429
 10.25 7 0.08324073523536861
 10.25 8 0.07199214515094686
 10.25 9 0.058158670171152775
 10.25 10 0.04378304088048808
 10.25 11 0.030369543092168504
 10.25 12 0.01891562415205829
 10.25 13 0.009997774895550081
 10.25 14 0.0038914225689717116
 10.25 15 0.000635399609876821
 10.25 16 0.00013219092179072217
 10.25 17 0.0021881822978788673
 10.25 18 0.006551735823976432
 10.25 19 0.012951527194102532
 10.25 20 0.021097686071894713
 10.25 21 0.030714009860620752
 10.25 22 0.04152807775207624
 10.25 23 0.05327836075486985
 10.25 24 0.06572331800869345
 10.25 25 0.07862776342278016
 10.25 26 0.09176962223179697
 10.25 27 0.1049260478037964
 10.25 28 0.11787864724997987
 10.25 29 0.13038536814093152
 10.25 30 0.14216985235383683
 10.25 31 0.15288452982522271
 10.25 32 0.16202498640092936
 10.25 33 0.16874931154010778
 10.25 34 0.17138108239284633
 10.25 35 0.1675318203767241
 10.25 36 0.15828268320440794
 10.25 37 0.14647418379846383
 10.25 38 0.13450487902690814
 10.25 39 0.12529693926550475
 10.25 40 0.11880416940823288
 10.25 41 0.1148092360503985
 10.25 42 0.11310243020739975
 10.25 43 0.11348316634309294
 10.25 44 0.11576095754887206
 10.25 45 0.11975598371465834
 10.25 46 0.12529934669434936
 10.25 47 0.13223308775955808
 10.25 48 0.14041002737994507
 10.25 49 0.14969347497426924
 10.25 50 0.15995684624279616
 11.25 1 0.011947979086057211
 11.25 2 0.028813620908633795
 11.25 3 0.049718004909351174
 11.25 4 0.06874215195645748
 11.25 5 0.08198791637360295
 11.25 6 0.08794006503704994
 11.25 7 0.08688449265329391
 11.25 8 0.08020318563700286
 11.25 9 0.06971797051304938
 11.25 10 0.05724191001530028
 11.25 11 0.044301260247547034
 11.25 12 0.03204767553378826
 11.25 13 0.02129513446269916
 11.25 14 0.012535674744410401
 11.25 15 0.0060429054192399
 11.25 16 0.0019099704644812256
 11.25 17 0.00010252829651075149
 11.25 18 0.0005178278566552496
 11.25 19 0.0029900959044638284
 11.25 20 0.0073255630703416875
 11.25 21 0.01331448940857364
 11.25 22 0.020741962976393864
 11.25 23 0.02939801098347545
 11.25 24 0.03907369271656468
 11.25 25 0.04957433407072614
 11.25 26 0.06071158279469604
 11.25 27 0.0723071482431949
 11.25 28 0.08418810491465986
 11.25 29 0.09618696781746335
 11.25 30 0.10813983411782886
 11.25 31 0.1198743668185492
 11.25 32 0.13120686106109145
 11.25 33 0.14192449797753406
 11.25 34 0.15176077284958045
 11.25 35 0.16035002708081694
 11.25 36 0.16711635014000392
 11.25 37 0.17100974305265185
 11.25 38 0.17015779167669864
 11.25 39 0.16389952708967184
 11.25 40 0.15757714473222764
 11.25 41 0.15364076671970187
 11.25 42 0.1518921535028744
 11.25 43 0.15214144627420045
 11.25 44 0.1542081250352673
 11.25 45 0.1579215799107455
 11.25 46 0.16312138396374629
 11.25 47 0.16965733837160024
 11.25 48 0.17738934660469138
 11.25 49 0.18618716267599444
 11.25 50 0.19593004913796372
 12.25 1 0.007585560519939948
 12.25 2 0.021285619599537748
 12.25 3 0.04014313483406172
 12.25 4 0.05914186939246853
 12.25 5 0.07437748856106635
 12.25 6 0.08382746208947496
 12.25 7 0.08701816059399692
 12.25 8 0.08457288050356841
 12.25 9 0.0777225218084291
 12.25 10 0.06791420827349087
 12.25 11 0.05653619147293617
 12.25 12 0.044756404242328705
 12.25 13 0.03349138576239833
 12.25 14 0.02338669653027518
 12.25 15 0.014875921907150064
 12.25 16 0.008213801300574619
 12.25 17 0.0035157920367539447
 12.25 18 0.0008007960162209429
 12.25 19 5.476477888562439e-06
 12.25 20 0.0010364977573653806
 12.25 21 0.0037507531276772693
 12.25 22 0.007998591070725513
 12.25 23 0.013618877642527972
 12.25 24 0.020443088210389183
 12.25 25 0.02830704251076471
 12.25 26 0.03705350224643196
 12.25 27 0.046529943115894874
 12.25 28 0.0565848352412221
 12.25 29 0.06707932762159112
 12.25 30 0.07787847128244492
 12.25 31 0.08885325904194533
 12.25 32 0.0998745459821241
 12.25 33 0.11081262840036236
 12.25 34 0.12153230753180588
 12.25 35 0.1318891065673394
 12.25 36 0.1417157697526528
 12.25 37 0.15080607059836545
 12.25 38 0.15888417757941137
 12.25 39 0.16553703732075073
 12.25 40 0.1700700335990144
 12.25 41 0.17121344863787158
 12.25 42 0.1697315689971407
 12.25 43 0.17002080366493993
 12.25 44 0.17207384472167514
 12.25 45 0.17572588215232168
 12.25 46 0.18082187951781256
 12.25 47 0.18721662052920296
 12.25 48 0.19477459232730232
 12.25 49 0.20336974822762177
 12.25 50 0.21288518382999475
 13.25 1 0.004617821053351412
 13.25 2 0.015494753535057927
 13.25 3 0.03210891917356662
 13.25 4 0.050331663667148245
 13.25 5 0.06646456562799272
 13.25 6 0.07822778766955689
 13.25 7 0.08468531348898142
 13.25 8 0.08587866002313413
 13.25 9 0.08251716106680912
 13.25 10 0.07565583841385339
 13.25 11 0.06645097085905402
 13.25 12 0.05598082031300369
 13.25 13 0.045170093103303555
 13.25 14 0.034739465703264374
 13.25 15 0.025231707388118536
 13.25 16 0.01701543925171484
 13.25 17 0.010320448523026698
 13.25 18 0.005276737279918582
 13.25 19 0.0019188275986763976
 13.25 20 0.00023778458116491467
 13.25 21 0.00016097385041946656
 13.25 22 0.0016047225503982568
 13.25 23 0.004454692521821567
 13.25 24 0.008587532339651687
 13.25 25 0.013875919842375567
 13.25 26 0.020186992471932026
 13.25 27 0.02739070861187439
 13.25 28 0.03536353103609864
 13.25 29 0.04398247712335043
 13.25 30 0.05313008804830572
 13.25 31 0.0626937719968251
 13.25 32 0.07256674693569724
 13.25 33 0.0826406582969894
 13.25 34 0.09281700589782396
 13.25 35 0.1029934819717005
 13.25 36 0.1130670460770411
 13.25 37 0.1229307920613929
 13.25 38 0.13246549647728312
 13.25 39 0.14153887465888396
 13.25 40 0.14998643580973803
 13.25 41 0.15759560837532363
 13.25 42 0.16406141236632632
 13.25 43 0.16889916896842685
 13.25 44 0.1718052921541855
 13.25 45 0.17563864106186833
 13.25 46 0.18088694870108354
 13.25 47 0.18740775515436306
 13.25 48 0.19506814587618718
 13.25 49 0.20374450590195323
 13.25 50 0.2133221928650052
 32.25 1 0.0011800841389944864
 32.25 2 0.001077031216244024
 32.25 3 0.00022405901769467353
 32.25 4 0.00014934973440359047
 32.25 5 0.0018513598733383469
 32.25 6 0.005512105401414886
 32.25 7 0.010861970789472009
 32.25 8 0.0174651951726682
 32.25 9 0.024864271787779356
 32.25 10 0.03264599303268134
 32.25 11 0.040452254034298286
 32.25 12 0.04799941542088802
 32.25 13 0.05505934246268388
 32.25 14 0.061455935190106815
 32.25 15 0.06706729994043822
 32.25 16 0.07180656617782832
 32.25 17 0.07562806125109439
 32.25 18 0.07851232587741229
 32.25 19 0.08046880037554936
 32.25 20 0.08152722640609918
 32.25 21 0.08173422379782518
 32.25 22 0.08115152910380154
 32.25 23 0.07984867009162587
 32.25 24 0.07790252656876144
 32.25 25 0.07539412032947619
 32.25 26 0.07240710291284849
 32.25 27 0.06901885104269734
 32.25 28 0.06531162820773917
 32.25 29 0.06135712768134447
 32.25 30 0.057227704051585684
 32.25 31 0.0529872828105142
 32.25 32 0.04903213003656923
 32.25 33 0.04722548332908825
 32.25 34 0.047662653974721574
 32.25 35 0.05013711983985514
 32.25 36 0.05445381003877446
 32.25 37 0.06042949596360581
 32.25 38 0.06789288400741578
 32.25 39 0.07668448560920765
 32.25 40 0.08665632453630097
 32.25 41 0.09767152856661562
 32.25 42 0.10960384243884372
 32.25 43 0.12233709066837674
 32.25 44 0.13576461221245542
 32.25 45 0.1497886837005644
 32.25 46 0.16431994376855263
 32.25 47 0.17927682773803746
 32.25 48 0.19458501929186117
 32.25 49 0.21017692377310093
 32.25 50 0.22599116616414358
 33.25 1 0.0011478449628667228
 33.25 2 0.0011821653858858335
 33.25 3 0.0003463810818580032
 33.25 4 5.23214874616401e-05
 33.25 5 0.001352546916812109
 33.25 6 0.004518647349844481
 33.25 7 0.009358264678825829
 33.25 8 0.015488178151378658
 33.25 9 0.02248735810853565
 33.25 10 0.029956352250218032
 33.25 11 0.03755791780301836
 33.25 12 0.04500731500420382
 33.25 13 0.05207295971739219
 33.25 14 0.05858060176008973
 33.25 15 0.06439603936442134
 33.25 16 0.0694256360443707
 33.25 17 0.07360989995144027
 33.25 18 0.07691878723446614
 33.25 19 0.07934618886818612
 33.25 20 0.08091045503231425
 33.25 21 0.08164356778925681
 33.25 22 0.08159295127003209
 33.25 23 0.08081909069800672
 33.25 24 0.07938691313366436
 33.25 25 0.07736816648591524
 33.25 26 0.07483811665044765
 33.25 27 0.07187063112860843
 33.25 28 0.06853758135023123
 33.25 29 0.06491309291194451
 33.25 30 0.061064759413267014
 33.25 31 0.05705358881827232
 33.25 32 0.0541772172288922
 33.25 33 0.05363859507240161
 33.25 34 0.055226267537443995
 33.25 35 0.05873986546155733
 33.25 36 0.06399069301197201
 33.25 37 0.07080196744127892
 33.25 38 0.07900879698942603
 33.25 39 0.08845796531551015
 33.25 40 0.09900757643913914
 33.25 41 0.11052660251463509
 33.25 42 0.12289436737765087
 33.25 43 0.13599999128541326
 33.25 44 0.14974181627463493
 33.25 45 0.16402682679853467
 33.25 46 0.17877007653895363
 33.25 47 0.19389412932643102
 33.25 48 0.20932851978194414
 33.25 49 0.2250092374893688
 33.25 50 0.24087823711364387
 34.25 1 0.0011072837228819654
 34.25 2 0.0012703578844303401
 34.25 3 0.0004735801206089458
 34.25 4 7.764836266812328e-06
 34.25 5 0.0009527356935194399
 34.25 6 0.0036648819107082285
 34.25 7 0.00802307951210288
 34.25 8 0.013693925666239918
 34.25 9 0.020291541979025947
 34.25 10 0.027441298438025123
 34.25 11 0.034813481065224076
 34.25 12 0.04213075331073055
 34.25 13 0.04916447551352916
 34.25 14 0.0557340378485971
 34.25 15 0.06170132420049217
 34.25 16 0.06696626448530155
 34.25 17 0.07145677793695895
 34.25 18 0.07513418881942129
 34.25 19 0.07798280892145697
 34.25 20 0.08000434507388472
 34.25 21 0.08122014672461218
 34.25 22 0.08166858715057476
 34.25 23 0.08139674396267156
 34.25 24 0.08045967529421481
 34.25 25 0.07891982872814109
 34.25 26 0.07684473352224495
 34.25 27 0.0743014011155556
 34.25 28 0.07135795489901128
 34.25 29 0.06808163890414687
 34.25 30 0.0645376082712277
 34.25 31 0.061020861450820356
 34.25 32 0.05947299714856121
 34.25 33 0.06014293658979805
 34.25 34 0.06282515242882127
 34.25 35 0.06732552345488835
 34.25 36 0.07346174814986131
 34.25 37 0.08106345126573676
 34.25 38 0.08997206145514337
 34.25 39 0.10004052172887946
 34.25 40 0.11113288131606865
 34.25 41 0.12312380685264573
 34.25 42 0.13589804227363989
 34.25 43 0.14934983995391712
 34.25 44 0.16338238020814957
 34.25 45 0.17790719195838287
 34.25 46 0.1928435839867101
 34.25 47 0.20811809353122188
 34.25 48 0.22366395691028373
 34.25 49 0.2394206052538593
 34.25 50 0.2553331871867532
 35.25 1 0.0010514800475629113
 35.25 2 0.0013391802163893215
 35.25 3 0.0006072395784398088
 35.25 4 5.031232386734486e-06
 35.25 5 0.0006411521045840869
 35.25 6 0.0029381742079445466
 35.25 7 0.006841733899141764
 35.25 8 0.01206907588977091
 35.25 9 0.01827012285901455
 35.25 10 0.025093832065217026
 35.25 11 0.03221874828957272
 35.25 12 0.039377648965403314
 35.25 13 0.046345015138497606
 35.25 14 0.052934854291477304
 35.25 15 0.059009306794978636
 35.25 16 0.0644570464992721
 35.25 17 0.06920435741647533
 35.25 18 0.07320019210352617
 35.25 19 0.07641818468963618
 35.25 20 0.078850393887105
 35.25 21 0.08050963460188608
 35.25 22 0.0814207181312998
 35.25 23 0.08162133568423671
 35.25 24 0.08115684708134759
 35.25 25 0.08008046727440164
 35.25 26 0.07845254522258281
 35.25 27 0.0763326969264998
 35.25 28 0.07378353452050804
 35.25 29 0.07086804266806664
 35.25 30 0.06764869006533208
 35.25 31 0.06509428245340153
 35.25 32 0.06481237878725002
 35.25 33 0.06663198088920934
 35.25 34 0.0703536171660161
 35.25 35 0.07578945582341863
 35.25 36 0.0827635647698505
 35.25 37 0.0911119015017794
 35.25 38 0.10068210367242739
 35.25 39 0.1113331361017626
 35.25 40 0.12293483789399778
 35.25 41 0.13536740359968502
 35.25 42 0.14852082457220528
 35.25 43 0.16229431046398785
 35.25 44 0.17659570588744558
 35.25 45 0.19134091338157164
 35.25 46 0.20645333077427985
 35.25 47 0.2218633086471481
 35.25 48 0.23750763175841583
 35.25 49 0.25332902685368663
 35.25 50 0.26927569820358105
 36.25 1 0.0009915690366419157
 36.25 2 0.0013911307822349432
 36.25 3 0.0007387212764515623
 36.25 4 3.985336140162458e-05
 36.25 5 0.0004052453401344625
 36.25 6 0.0023209344646018854
 36.25 7 0.005796783586052244
 36.25 8 0.010601030815447329
 36.25 9 0.01641263767702919
 36.25 10 0.022904340478774467
 36.25 11 0.029771791842369198
 36.25 12 0.03675269992415075
 36.25 13 0.04362049332095242
 36.25 14 0.05019755985161077
 36.25 15 0.056336890434201294
 36.25 16 0.061926359691254707
 36.25 17 0.06688308202948287
 36.25 18 0.07115049740292959
 36.25 19 0.0746912736869068
 36.25 20 0.07749149319560247
 36.25 21 0.0795525389405976
 36.25 22 0.08088907594142489
 36.25 23 0.08153106786837515
 36.25 24 0.08151243624097844
 36.25 25 0.08088235689426558
 36.25 26 0.07968729974311664
 36.25 27 0.07798503848875192
 36.25 28 0.07583119368509207
 36.25 29 0.07328414994623889
 36.25 30 0.07046524931920137
 36.25 31 0.0691937847406857
 36.25 32 0.07011610208346689
 36.25 33 0.0730275049509949
 36.25 34 0.07773465137826398
 36.25 35 0.08405599637517196
 36.25 36 0.09182191680005904
 36.25 37 0.10087459950855003
 36.25 38 0.11106775680462629
 36.25 39 0.12226621948614604
 36.25 40 0.1343454466984569
 36.25 41 0.14719098292342883
 36.25 42 0.16069788533888288
 36.25 43 0.174770139150245
 36.25 44 0.1893200740423738
 36.25 45 0.20426779139552326
 36.25 46 0.2195406091668266
 36.25 47 0.23507252920479157
 36.25 48 0.25080373011468066
 36.25 49 0.26668008752833405
 36.25 50 0.282652722671802
 37.25 1 0.0009247294881254148
 37.25 2 0.0014267379724342193
 37.25 3 0.0008661368471399039
 37.25 4 9.996334930136438e-05
 37.25 5 0.00023098674977721444
 37.25 6 0.0018026645778260095
 37.25 7 0.004878583908737789
 37.25 8 0.009278021144894876
 37.25 9 0.01470882483090373
 37.25 10 0.020871028441677604
 37.25 11 0.027469412410914284
 37.25 12 0.03425301527556147
 37.25 13 0.0410013001784095
 37.25 14 0.04753325789658848
 37.25 15 0.05370266942366152
 37.25 16 0.0593942684758323
 37.25 17 0.06451954010493965
 37.25 18 0.06901310928462281
 37.25 19 0.07283507072768505
 37.25 20 0.07596139281583396
 37.25 21 0.0783836615787846
 37.25 22 0.08011175534665879
 37.25 23 0.08116066880542504
 37.25 24 0.08156345642002891
 37.25 25 0.0813552316062086
 37.25 26 0.08058069952318025
 37.25 27 0.0792862099413722
 37.25 28 0.07752272325636474
 37.25 29 0.07534500419883362
 37.25 30 0.0732751536943023
 37.25 31 0.07326171044500097
 37.25 32 0.0753277393979852
 37.25 33 0.07927445656510396
 37.25 34 0.08491467794853348
 37.25 35 0.09207310662373432
 37.25 36 0.10058633946169125
 37.25 37 0.11030266705663477
 37.25 38 0.12108172481887416
 37.25 39 0.13279404056645155
 37.25 40 0.14532051379789493
 37.25 41 0.15855185371084338
 37.25 42 0.17238799657307918
 37.25 43 0.18673751793797325
 37.25 44 0.2015170511667402
 37.25 45 0.2166507205601685
 37.25 46 0.23206959493903198
 37.25 47 0.24771116560408335
 37.25 48 0.2635188511385312
 37.25 49 0.27944153039754
 37.25 50 0.29543310418585983
 38.25 1 0.0008551895680648017
 38.25 2 0.0014480345345417032
 38.25 3 0.0009864304401045994
 38.25 4 0.00018076262151161418
 38.25 5 0.00011403823728769413
 38.25 6 0.0013720254983981455
 38.25 7 0.004074545193732565
 38.25 8 0.00808560782371765
 38.25 9 0.01314877019016951
 38.25 10 0.01898121165976637
 38.25 11 0.025307502259878514
 38.25 12 0.03188062184487893
 38.25 13 0.038487776140376836
 38.25 14 0.044950236489867804
 38.25 15 0.05111982725368467
 38.25 16 0.05687809334160514
 38.25 17 0.06213301288742653
 38.25 18 0.06681587741477095
 38.25 19 0.07087976597484141
 38.25 20 0.07429130371757822
 38.25 21 0.07703815978470299
 38.25 22 0.07911988096336711
 38.25 23 0.08054634242453863
 38.25 24 0.08134199463993044
 38.25 25 0.08153245976602191
 38.25 26 0.0811579679262545
 38.25 27 0.0802580607705845
 38.25 28 0.07887767984466129
 38.25 29 0.07706591392321567
 38.25 30 0.07607700872314632
 38.25 31 0.07725857434758963
 38.25 32 0.08040933564176225
 38.25 33 0.08533648890689147
 38.25 34 0.09185899847022919
 38.25 35 0.09980774728849129
 38.25 36 0.10902544076229716
 38.25 37 0.11936633061407903
 38.25 38 0.13069581128073277
 38.25 39 0.14288992966234987
 38.25 40 0.1558348397637642
 38.25 41 0.16942622634988966
 38.25 42 0.18356871585367868
 38.25 43 0.19817528813324886
 38.25 44 0.21316669902916532
 38.25 45 0.22847092082518544
 38.25 46 0.24402260550472674
 38.25 47 0.25976257399036257
 38.25 48 0.27563733324984324
 38.25 49 0.29159862216435706
 38.25 50 0.30760298631692046
 19.75 1 4.374624103385794e-05
 19.75 2 0.0009186091695065632
 19.75 3 0.005717917219809908
 19.75 4 0.014618256835486497
 19.75 5 0.026207361133911377
 19.75 6 0.03881407785083173
 19.75 7 0.051063073319911
 19.75 8 0.061947204170373214
 19.75 9 0.07083115649359971
 19.75 10 0.07735460535828123
 19.75 11 0.08140256696558931
 19.75 12 0.08304337338541853
 19.75 13 0.08247354759131788
 19.75 14 0.0799813765055128
 19.75 15 0.07589924872589743
 19.75 16 0.07058536342098885
 19.75 17 0.06438595896714441
 19.75 18 0.05761817132514928
 19.75 19 0.05057171270247547
 19.75 20 0.04349564071254722
 19.75 21 0.03659546288215048
 19.75 22 0.030039858437304116
 19.75 23 0.0239639499162651
 19.75 24 0.018469695881955503
 19.75 25 0.013629003273495465
 19.75 26 0.009495101712905898
 19.75 27 0.006098854807290811
 19.75 28 0.0034567843901865485
 19.75 29 0.0015661310157117701
 19.75 30 0.0004205081738323405
 19.75 31 2.9773165455324945e-06
 19.75 32 0.00028791676405714534
 19.75 33 0.0012472812094219883
 19.75 34 0.002846077281847683
 19.75 35 0.00504837493888753
 19.75 36 0.007818401162981221
 19.75 37 0.011117060991817614
 19.75 38 0.014904006118867765
 19.75 39 0.019141172439153524
 19.75 40 0.023789406790805986
 19.75 41 0.028810640858955204
 19.75 42 0.03416584636586272
 19.75 43 0.03982666562648236
 19.75 44 0.046480482142607096
 19.75 45 0.05449586483841426
 19.75 46 0.06372798531242775
 19.75 47 0.07404246659208885
 19.75 48 0.08531495096117261
 19.75 49 0.09743062084067643
 19.75 50 0.11028369198738638
 20.75 1 0.00015413315939432387
 20.75 2 0.00043679781556525205
 20.75 3 0.004110092444613766
 20.75 4 0.011736549159005573
 20.75 5 0.022225685771499224
 20.75 6 0.03409447679147444
 20.75 7 0.046035610063576184
 20.75 8 0.05705658434439693
 20.75 9 0.06648088909206262
 20.75 10 0.07389169647332348
 20.75 11 0.07908914452838559
 20.75 12 0.08205213367068556
 20.75 13 0.08288165659754855
 20.75 14 0.0817833501318498
 20.75 15 0.07902102960642388
 20.75 16 0.07489052074478801
 20.75 17 0.06969830793717417
 20.75 18 0.06373989192012058
 20.75 19 0.05728953929003093
 20.75 20 0.050593430298447005
 20.75 21 0.043865688645787146
 20.75 22 0.03728584934579284
 20.75 23 0.031003102365746743
 20.75 24 0.025137710574970093
 20.75 25 0.01977887507856795
 20.75 26 0.014998700108282543
 20.75 27 0.010843557940666835
 20.75 28 0.007350043553889687
 20.75 29 0.004533917473533565
 20.75 30 0.002400894598529106
 20.75 31 0.0009471936397677335
 20.75 32 0.00016263246606640255
 20.75 33 2.7654887007671262e-05
 20.75 34 0.0005189641327298902
 20.75 35 0.0016123164323215658
 20.75 36 0.0032760127681444877
 20.75 37 0.005480794104920385
 20.75 38 0.008192220552816454
 20.75 39 0.011378384857228715
 20.75 40 0.015005105182593214
 20.75 41 0.019039047921875593
 20.75 42 0.023578246922826406
 20.75 43 0.029535247349613054
 20.75 44 0.03695349562401068
 20.75 45 0.045680239574612244
 20.75 46 0.05557357058622213
 20.75 47 0.06650201555522264
 20.75 48 0.07834406880851502
 20.75 49 0.09098768645854338
 20.75 50 0.10432976055919492
 21.75 1 0.0003046815477226143
 21.75 2 0.00016017653188577232
 21.75 3 0.0028693816990306023
 21.75 4 0.009326069773639865
 21.75 5 0.01874666651715305
 21.75 6 0.029825394512240144
 21.75 7 0.04133579525575691
 21.75 8 0.05231531073932121
 21.75 9 0.06206558073719032
 21.75 10 0.07013036696074883
 21.75 11 0.07625029136544478
 21.75 12 0.08032510990992321
 21.75 13 0.08238897861971513
 21.75 14 0.08256778401004457
 21.75 15 0.08105667488688226
 21.75 16 0.07809997487362573
 21.75 17 0.073956078334697
 21.75 18 0.06888962391285779
 21.75 19 0.06315849641169506
 21.75 20 0.056996599569572814
 21.75 21 0.05061632494804144
 21.75 22 0.04420436612335472
 21.75 23 0.03791855024334847
 21.75 24 0.03188787541134427
 21.75 25 0.026221157659233035
 21.75 26 0.02100009719110377
 21.75 27 0.01629324675961591
 21.75 28 0.012143748365312785
 21.75 29 0.008587891563178284
 21.75 30 0.005641054786395031
 21.75 31 0.0033162624284764843
 21.75 32 0.0016119907184017526
 21.75 33 0.0005213527811000433
 21.75 34 3.273390794146055e-05
 21.75 35 0.0001274467277133992
 21.75 36 0.0007860376295688657
 21.75 37 0.001982402048035889
 21.75 38 0.003690994041567151
 21.75 39 0.005887269370229088
 21.75 40 0.008538038364530013
 21.75 41 0.012034641508363749
 21.75 42 0.017224251129044098
 21.75 43 0.023974139336726517
 21.75 44 0.03212390156202576
 21.75 45 0.041524316450636055
 21.75 46 0.052036972459321866
 21.75 47 0.06353381920755176
 21.75 48 0.07589666968451743
 21.75 49 0.08901667355709748
 21.75 50 0.10279377713335598
 22.75 1 0.0004685432845921335
 22.75 2 3.0187635972091353e-05
 22.75 3 0.0019253248879403555
 22.75 4 0.007325276623260078
 22.75 5 0.01572145725634446
 22.75 6 0.025982541298685623
 22.75 7 0.036980254955490455
 22.75 8 0.04778123173240291
 22.75 9 0.05768470726980306
 22.75 10 0.06620854171113832
 22.75 11 0.07304350879374756
 22.75 12 0.07804133097833868
 22.75 13 0.08117148136248432
 22.75 14 0.08249244111750474
 22.75 15 0.08214444114033767
 22.75 16 0.0803153312725939
 22.75 17 0.07721870145010154
 22.75 18 0.07308568695192762
 22.75 19 0.06815107831685334
 22.75 20 0.06262986785999633
 22.75 21 0.056731771475476436
 22.75 22 0.05064031064478105
 22.75 23 0.044515345813959155
 22.75 24 0.038497434578315996
 22.75 25 0.03270122833071419
 22.75 26 0.027225665703669657
 22.75 27 0.022143864011167937
 22.75 28 0.017517631245729755
 22.75 29 0.013391705264522739
 22.75 30 0.009797974017333561
 22.75 31 0.006757399246050168
 22.75 32 0.0042821525930384985
 22.75 33 0.002374871560817211
 22.75 34 0.0010316306041788061
 22.75 35 0.0002441421123075707
 22.75 36 7.161189250742061e-07
 22.75 37 0.00028518663387210654
 22.75 38 0.0010742078824746654
 22.75 39 0.0023508037303962425
 22.75 40 0.004871306794050649
 22.75 41 0.009229642627225615
 22.75 42 0.015246398226508756
 22.75 43 0.022753820328029313
 22.75 44 0.0315956197378451
 22.75 45 0.04162664434277593
 22.75 46 0.05271245930415925
 22.75 47 0.06472886462670624
 22.75 48 0.07756137360589267
 22.75 49 0.09110467029070284
 22.75 50 0.10526205980918638
 23.75 1 0.0006305641210613903
 23.75 2 4.242510602945794e-06
 23.75 3 0.0012260004858068276
 23.75 4 0.0056759630553845294
 23.75 5 0.01309972809990137
 23.75 6 0.022546672994860104
 23.75 7 0.03297106003969549
 23.75 8 0.04348993585591111
 23.75 9 0.05340742587469339
 23.75 10 0.06222245369895329
 23.75 11 0.06960306786321935
 23.75 12 0.07534816107589229
 23.75 13 0.07938034045976008
 23.75 14 0.08171034572708726
 23.75 15 0.08242071885498219
 23.75 16 0.08164914961494639
 23.75 17 0.07956976420618883
 23.75 18 0.0763779943976834
 23.75 19 0.0722785956676835
 23.75 20 0.067471120215364
 23.75 21 0.06214888892855779
 23.75 22 0.05649284811328332
 23.75 23 0.05066306280397979
 23.75 24 0.044802200359317534
 23.75 25 0.03903047475171035
 23.75 26 0.03345390399865883
 23.75 27 0.02815866584346647
 23.75 28 0.02321244934234789
 23.75 29 0.018674471261295043
 23.75 30 0.014585756005455912
 23.75 31 0.01097717448007988
 23.75 32 0.007869745553704717
 23.75 33 0.005276344895260322
 23.75 34 0.003203357627582102
 23.75 35 0.0016512340711426817
 23.75 36 0.0006152438825949021
 23.75 37 8.19999183081591e-05
 23.75 38 6.784414619779994e-05
 23.75 39 0.001596658612612266
 23.75 40 0.005067653546772104
 23.75 41 0.010294252751657452
 23.75 42 0.01710167140024619
 23.75 43 0.025326805760828
 23.75 44 0.03481796564449393
 23.75 45 0.04543449383176593
 23.75 46 0.05704630728043742
 23.75 47 0.06953338729513238
 23.75 48 0.08278523971755969
 23.75 49 0.09670034129548266
 23.75 50 0.11118558448037331
 24.75 1 0.0007786297211109358
 24.75 2 5.603484774509594e-05
 24.75 3 0.0007244514886321974
 24.75 4 0.004328840980966268
 24.75 5 0.01084292994111667
 24.75 6 0.0194811701252867
 24.75 7 0.029303241407330503
 24.75 8 0.03946095585008312
 24.75 9 0.04928189236863673
 24.75 10 0.05825508468582014
 24.75 11 0.06602509436367104
 24.75 12 0.0723660022140847
 24.75 13 0.07715301431848176
 24.75 14 0.08035639097034906
 24.75 15 0.08201465736593062
 24.75 16 0.08222010984330066
 24.75 17 0.08110670530306877
 24.75 18 0.07883333622581079
 24.75 19 0.0755796184495758
 24.75 20 0.0715233030873604
 24.75 21 0.06684341154281336
 24.75 22 0.06170903179651881
 24.75 23 0.05627580482279025
 24.75 24 0.050686179085025845
 24.75 25 0.04506533087921554
 24.75 26 0.039522712355745844
 24.75 27 0.03414939675692928
 24.75 28 0.029026830099489156
 24.75 29 0.024214750246046766
 24.75 30 0.019767084250065917
 24.75 31 0.01572564316891611
 24.75 32 0.012116179340972645
 24.75 33 0.008964491044186248
 24.75 34 0.006282388253798168
 24.75 35 0.004077358503351593
 24.75 36 0.002352859701893144
 24.75 37 0.0011513235676429087
 24.75 38 0.0016413410520828182
 24.75 39 0.004176601605214707
 24.75 40 0.008563769794470894
 24.75 41 0.01462134694207074
 24.75 42 0.02217966422298806
 24.75 43 0.031080688893442707
 24.75 44 0.04117769436620342
 24.75 45 0.05233483412035123
 24.75 46 0.06442665077238578
 24.75 47 0.07733754466776413
 24.75 48 0.09096122076812381
 24.75 49 0.10520012814902849
 24.75 50 0.11996490287431907
 25.75 1 0.0009075753857274293
 25.75 2 0.0001604335381361095
 25.75 3 0.00037959400504834447
 25.75 4 0.0032345213941341643
 25.75 5 0.00890408710641812
 25.75 6 0.01675999178401995
 25.75 7 0.025958546663227052
 25.75 8 0.03570240416975188
 25.75 9 0.045340010438053864
 25.75 10 0.05436023090564874
 25.75 11 0.06239388329405581
 25.75 12 0.06919246965085717
 25.75 13 0.07459887148931675
 25.75 14 0.07854897096718086
 25.75 15 0.08104221900691994
 25.75 16 0.08213425224070132
 25.75 17 0.0819220352202303
 25.75 18 0.08053063768145297
 25.75 19 0.07811193470345663
 25.75 20 0.07482261456819139
 25.75 21 0.07082036394747745
 25.75 22 0.0662650032303909
 25.75 23 0.061305386910590585
 25.75 24 0.05607772027539219
 25.75 25 0.050710267315786914
 25.75 26 0.04531082752933646
 25.75 27 0.03997849073516313
 25.75 28 0.034796716081063564
 25.75 29 0.02983607985070938
 25.75 30 0.02515319837746312
 25.75 31 0.02079915507751091
 25.75 32 0.016810258656009307
 25.75 33 0.013216650923795235
 25.75 34 0.010036749511333029
 25.75 35 0.007288194519886752
 25.75 36 0.005010779866395921
 25.75 37 0.004421439778167826
 25.75 38 0.005979307794503794
 25.75 39 0.009484692860892754
 25.75 40 0.014749693388291978
 25.75 41 0.02159831360689468
 25.75 42 0.02986635940421634
 25.75 43 0.03940117160777702
 25.75 44 0.050061242529551166
 25.75 45 0.06171575176928224
 25.75 46 0.07424404936165743
 25.75 47 0.08753510800209609
 25.75 48 0.10148696100693302
 25.75 49 0.11600613861719392
 25.75 50 0.1310071120428737
 1 1 0.057760526222912834
 1 2 0.10801398894180303
 1 3 0.08250322100790956
 1 4 0.029452844027086183
 1 5 0.022949028290554833
 1 6 0.05218773878555716
 1 7 0.09138767505159981
 1 8 0.06427356629481906
 1 9 0.023520951040058528
 1 10 0.003261062913645437
 1 11 0.0010726193461046034
 1 12 0.012073869642576871
 1 13 0.0310961200368542
 1 14 0.052017964046867204
 1 15 0.04624744124583954
 1 16 0.02467268285653448
 1 17 0.00956271463846797
 1 18 0.0017676428321570016
 1 19 0.0005214012133118372
 1 20 0.0046437658910945985
 1 21 0.012802114610490788
 1 22 0.02349280717839619
 1 23 0.03447526745525607
 1 24 0.032258819057858684
 1 25 0.02044366220510025
 1 26 0.010817701639601449
 1 27 0.004270700362220628
 1 28 0.0008323101333675235
 1 29 0.00025468045612342394
 1 30 0.0021772461156697176
 1 31 0.006175697242643966
 1 32 0.011756013467563269
 1 33 0.018305965927769258
 1 34 0.024755217304368433
 1 35 0.02362742025546999
 1 36 0.01654865849508082
 1 37 0.0102700839147727
 1 38 0.005414573978390358
 1 39 0.002120388322544486
 1 40 0.0003702023916393129
 1 41 6.319711520782195e-05
 1 42 0.0010719154777612387
 1 43 0.003227309659056251
 1 44 0.006347294010531357
 1 45 0.010196120580676876
 1 46 0.01446291593861145
 1 47 0.01898673718347278
 1 48 0.025081280234932706
 1 49 0.03278133666448594
 1 50 0.04191258870926973
 2 1 0.18459600001513632
 2 2 0.04779449311300823
 2 3 0.026119015548829783
 2 4 0.06740662834516684
 2 5 0.12642882529770072
 2 6 0.16122698697772136
 2 7 0.11890474377890517
 2 8 0.06455431051531219
 2 9 0.027664934197053476
 2 10 0.009875830118681223
 2 11 0.007892728492664678
 2 12 0.017595420362024446
 2 13 0.03505114554689781
 2 14 0.05659756444792496
 2 15 0.07823496867351014
 2 16 0.09094399162503396
 2 17 0.07236565040326237
 2 18 0.04940412256035319
 2 19 0.030179710488728292
 2 20 0.016021945156897033
 2 21 0.006961741208961462
 2 22 0.002591842865814584
 2 23 0.00233016684699085
 2 24 0.005532819413444893
 2 25 0.011553071854619417
 2 26 0.01972617513455849
 2 27 0.029378011397306853
 2 28 0.03972707985523558
 2 29 0.04965327234491956
 2 30 0.05582366602848582
 2 31 0.04712739840736922
 2 32 0.036114762876861405
 2 33 0.02598632588662437
 2 34 0.01742909261061435
 2 35 0.01066216960663568
 2 36 0.00570970105986281
 2 37 0.002508785252396173
 2 38 0.0009476860711548237
 2 39 0.0008888615213581577
 2 40 0.002185117278615744
 2 41 0.0046701498300496525
 2 42 0.008180711976812126
 2 43 0.012538500158581725
 2 44 0.017550350584040315
 2 45 0.022994139820191013
 2 46 0.028579423554360488
 2 47 0.033878345281626
 2 48 0.04005280395949029
 2 49 0.0477825337976177
 2 50 0.05689872333768272
 3 1 0.21475477020049683
 3 2 0.11276723862382054
 3 3 0.034831440018316506
 3 4 0.005642179962066396
 3 5 0.014945608194264616
 3 6 0.047545454189261
 3 7 0.09078297276126063
 3 8 0.13453873650432704
 3 9 0.1672723010419521
 3 10 0.15633150656265382
 3 11 0.11281123667087248
 3 12 0.07202110600815015
 3 13 0.040292644517120293
 3 14 0.01840090435582336
 3 15 0.005597685858199279
 3 16 0.0006420223565177352
 3 17 0.002168120781082702
 3 18 0.008861169799665608
 3 19 0.019506811881815685
 3 20 0.03297479925338006
 3 21 0.04821323013301992
 3 22 0.06414166411042807
 3 23 0.07945075829137054
 3 24 0.09175562976712318
 3 25 0.08857614158836911
 3 26 0.07221943931145726
 3 27 0.055604174098991876
 3 28 0.04068422772208635
 3 29 0.028054861153794627
 3 30 0.017877478542592688
 3 31 0.010128257210096844
 3 32 0.004692337547988738
 3 33 0.0014014973294411224
 3 34 7.342544137893463e-05
 3 35 0.000509663745480665
 3 36 0.0025059463251604795
 3 37 0.005867197492289044
 3 38 0.01038933346071739
 3 39 0.015881253426085498
 3 40 0.022138840302517983
 3 41 0.028955808490894224
 3 42 0.03609894799219404
 3 43 0.04328524867370491
 3 44 0.050098510419243514
 3 45 0.055680322177789864
 3 46 0.05864444588350466
 3 47 0.06294402501512011
 3 48 0.06892202675977653
 3 49 0.07640380669379683
 3 50 0.08522701617177462
 4 1 0.17300912120510903
 4 2 0.1407914522219443
 4 3 0.08169093365211133
 4 4 0.03228449668535305
 4 5 0.005750940465266652
 4 6 0.0016038249035444222
 4 7 0.014806167149478947
 4 8 0.03971387853993887
 4 9 0.07128896977203057
 4 10 0.10529583674039422
 4 11 0.1378261396559065
 4 12 0.16391120077562626
 4 13 0.16994928209991114
 4 14 0.1430093217877223
 4 15 0.10937394229596328
 4 16 0.07834215994239796
 4 17 0.0522916506238226
 4 18 0.03181091486604445
 4 19 0.0168002857099044
 4 20 0.006854629754895853
 4 21 0.0014524494365226394
 4 22 2.1907309549178495e-05
 4 23 0.0019925519581270074
 4 24 0.006820844291696106
 4 25 0.013987554858724494
 4 26 0.023017894917586088
 4 27 0.03344648107179038
 4 28 0.0448433696094039
 4 29 0.05675560793115362
 4 30 0.0686971506335161
 4 31 0.08003836214328233
 4 32 0.08971616272447751
 4 33 0.09388290279244509
 4 34 0.08423767232684316
 4 35 0.07164794921531588
 4 36 0.059093986879088574
 4 37 0.04738832970953309
 4 38 0.03687180502370581
 4 39 0.02768960055763404
 4 40 0.019888889310949134
 4 41 0.013461612718946539
 4 42 0.008474153338783135
 4 43 0.005877956791445982
 4 44 0.005725765052598957
 4 45 0.007791490835964509
 4 46 0.01186197589442015
 4 47 0.0177373054075467
 4 48 0.02523082111307874
 4 49 0.034168911185352584
 4 50 0.04439063834275316
 5 1 0.1268095625873849
 5 2 0.13325821425080686
 5 3 0.10744413155126982
 5 4 0.06832292696858407
 5 5 0.033130557990413353
 5 6 0.009940177567269762
 5 7 0.000424974739997671
 5 8 0.0031756630823581234
 5 9 0.015697103386350383
 5 10 0.03530749680831169
 5 11 0.05953227813050965
 5 12 0.0861823220308179
 5 13 0.1132740634535089
 5 14 0.13882164260882845
 5 15 0.16021038361971848
 5 16 0.17178640804906822
 5 17 0.16032512477575067
 5 18 0.13521146242506635
 5 19 0.10841798681178588
 5 20 0.0834120200911935
 5 21 0.061449402804964665
 5 22 0.042970734800372945
 5 23 0.028052907766532797
 5 24 0.016574795687212075
 5 25 0.008325379993030813
 5 26 0.003035317131288018
 5 27 0.0004218732040233893
 5 28 0.00019047106285671254
 5 29 0.0020533104007027093
 5 30 0.005738862224977955
 5 31 0.010976187923882635
 5 32 0.017517778018495165
 5 33 0.025127776369672918
 5 34 0.03357265647566514
 5 35 0.04263130923936201
 5 36 0.052078791881578906
 5 37 0.06167255031013794
 5 38 0.0711417751651986
 5 39 0.08012652954390834
 5 40 0.08806689862965772
 5 41 0.09364315162369446
 5 42 0.09139684218140258
 5 43 0.088056606410979
 5 44 0.08703588479600427
 5 45 0.08812581967898692
 5 46 0.09112879574162627
 5 47 0.09585887900133144
 5 48 0.10214195345152467
 5 49 0.10981563085715206
 5 50 0.118728993517663
 6 1 0.09016044701070891
 6 2 0.1126856067761084
 6 3 0.11156256794017683
 6 4 0.09083265735219599
 6 5 0.0620140936625783
 6 6 0.034773646829859055
 6 7 0.01442495685958521
 6 8 0.0028943811802935927
 6 9 0.00011152954038284868
 6 10 0.005039476255968534
 6 11 0.016254906638583262
 6 12 0.032277873893783345
 6 13 0.051704986891198776
 6 14 0.07324683704101734
 6 15 0.09574785791553433
 6 16 0.11809457511626134
 6 17 0.1391050664030621
 6 18 0.157242009045369
 6 19 0.16967331341055064
 6 20 0.16883466214700144
 6 21 0.1521218173356353
 6 22 0.13031275611789245
 6 23 0.10806063609632956
 6 24 0.08708568939404221
 6 25 0.06814302141371265
 6 26 0.05155799869580892
 6 27 0.037439018581340126
 6 28 0.02577306201322561
 6 29 0.016473499609356266
 6 30 0.009412075071133195
 6 31 0.004436673449295968
 6 32 0.001378614174319418
 6 33 7.780958383953873e-05
 6 34 0.00035819536803723774
 6 35 0.0020615063040936086
 6 36 0.005024488424573267
 6 37 0.009095785807889844
 6 38 0.014129739702188558
 6 39 0.019981995589694056
 6 40 0.026521062972228247
 6 41 0.033613507025537594
 6 42 0.041131322179371425
 6 43 0.04894401260730447
 6 44 0.05691683258139377
 6 45 0.06490034797642895
 6 46 0.07272387867263064
 6 47 0.08016251966297992
 6 48 0.08716799382632041
 6 49 0.09522956593402718
 6 50 0.10451154936787688
 7 1 0.06318744850327424
 7 2 0.0905381345947351
 7 3 0.10363453838019816
 7 4 0.09902501931213026
 7 5 0.08159197064799842
 7 6 0.05870353850262955
 7 7 0.03640471653507014
 7 8 0.018366361708595846
 7 9 0.006292261350796354
 7 10 0.000593925293221689
 7 11 0.0009067135030684208
 7 12 0.006520583328625484
 7 13 0.01653233493383358
 7 14 0.030038800879004637
 7 15 0.046163285134450345
 7 16 0.06408613405762968
 7 17 0.0830641861788412
 7 18 0.1023837455211422
 7 19 0.12135426526349609
 7 20 0.13920733160798182
 7 21 0.15495991105794507
 7 22 0.16697880937371726
 7 23 0.17146027022547888
 7 24 0.16265078631236884
 7 25 0.14587801818837556
 7 26 0.12688681283117836
 7 27 0.10786539392036464
 7 28 0.08980053048855849
 7 29 0.07317873836392882
 7 30 0.05824515457499533
 7 31 0.04510268038854603
 7 32 0.03377846206619708
 7 33 0.024239126478885622
 7 34 0.01642527572017659
 7 35 0.010251350729276304
 7 36 0.005628312779739953
 7 37 0.0024473579943326564
 7 38 0.000607485470461208
 7 39 2.323933546857132e-06
 7 40 0.0005234863401502032
 7 41 0.0020708677593100798
 7 42 0.004544230633146924
 7 43 0.007844261920473517
 7 44 0.01188189449006644
 7 45 0.016565458545273342
 7 46 0.021875653515119064
 7 47 0.0285741425787965
 7 48 0.036759586520337555
 7 49 0.046270359631942405
 7 50 0.056956800342153245
